sampleID	TransPlantSet	Year	Month	Day	Hour	LineID	LineName	ColPos	RowPos	PlantPos	prediction
30001	1	2016	5	26	10	62	SL1319	B	19	2	
30002	1	2016	5	26	10	64	SL1321	B	21	2	
30003	2	2016	5	26	10	52	SL1309	B	9	2	
30004	2	2016	5	26	10	24	SL1224	A	24	2	
30005	1	2016	5	26	12	16	SL1216	A	16	2	
30006	1	2016	5	26	12	84	Takanari	B	41	2	
30007	2	2016	5	26	12	59	SL1316	B	16	2	
30008	2	2016	5	26	12	77	SL1334	B	34	2	
30009	1	2016	5	26	14	1	SL1201	A	1	2	
30010	1	2016	5	26	14	19	SL1219	A	19	2	
30011	2	2016	5	26	14	81	SL1338	B	38	2	
30012	2	2016	5	26	14	51	SL1308	B	8	2	
30013	1	2016	5	26	16	36	SL1236	A	36	2	
30014	1	2016	5	26	16	2	SL1202	A	2	2	
30015	2	2016	5	26	16	3	SL1203	A	3	2	
30016	2	2016	5	26	16	12	SL1212	A	12	2	
30017	1	2016	5	26	18	42	Koshihikari	A	42	2	
30018	1	2016	5	26	18	34	SL1234	A	34	2	
30019	2	2016	5	26	18	37	SL1237	A	37	2	
30020	2	2016	5	26	18	4	SL1204	A	4	2	
30021	1	2016	5	26	20	40	SL1240	A	40	2	
30022	1	2016	5	26	20	79	SL1336	B	36	2	
30023	2	2016	5	26	20	17	SL1217	A	17	2	
30024	2	2016	5	26	20	41	SL1241	A	41	2	
30025	1	2016	5	26	22	20	SL1220	A	20	2	
30026	1	2016	5	26	22	69	SL1326	B	26	2	
30027	2	2016	5	26	22	67	SL1324	B	24	2	
30028	2	2016	5	26	22	58	SL1315	B	15	2	
30029	1	2016	5	27	0	80	SL1337	B	37	2	
30030	1	2016	5	27	0	26	SL1226	A	26	2	
30031	2	2016	5	27	0	60	SL1317	B	17	2	
30032	2	2016	5	27	0	8	SL1208	A	8	2	
30033	1	2016	5	27	2	11	SL1211	A	11	2	
30034	1	2016	5	27	2	65	SL1322	B	22	2	
30035	2	2016	5	27	2	26	SL1226	A	26	2	
30036	2	2016	5	27	2	48	SL1305	B	5	2	
30037	1	2016	5	27	4	24	SL1224	A	24	2	
30038	1	2016	5	27	4	38	SL1238	A	38	2	
30039	2	2016	5	27	4	32	SL1232	A	32	2	
30040	2	2016	5	27	4	45	SL1302	B	2	2	
30041	1	2016	5	27	6	86	HP-b	B	43	2	
30042	1	2016	5	27	6	68	SL1325	B	25	2	
30043	2	2016	5	27	6	15	SL1215	A	15	2	
30044	2	2016	5	27	6	54	SL1311	B	11	2	
30045	1	2016	5	27	8	14	SL1214	A	14	2	
30046	1	2016	5	27	8	23	SL1223	A	23	2	
30047	2	2016	5	27	8	6	SL1206	A	6	2	
30048	2	2016	5	27	8	79	SL1336	B	36	2	
30049	1	2016	6	2	10	13	SL1213	A	13	2	
30050	1	2016	6	2	10	25	SL1225	A	25	2	
30051	2	2016	6	2	10	27	SL1227	A	27	2	
30052	2	2016	6	2	10	75	SL1332	B	32	2	
30053	1	2016	6	2	12	35	SL1235	A	35	2	
30054	1	2016	6	2	12	4	SL1204	A	4	2	
30055	2	2016	6	2	12	21	SL1221	A	21	2	
30056	2	2016	6	2	12	73	SL1330	B	30	2	
30057	1	2016	6	2	14	77	SL1334	B	34	2	
30058	1	2016	6	2	14	47	SL1304	B	4	2	
30059	2	2016	6	2	14	34	SL1234	A	34	2	
30060	2	2016	6	2	14	71	SL1328	B	28	2	
30061	1	2016	6	2	16	67	SL1324	B	24	2	
30062	1	2016	6	2	16	12	SL1212	A	12	2	
30063	2	2016	6	2	16	38	SL1238	A	38	2	
30064	2	2016	6	2	16	22	SL1222	A	22	2	
30065	1	2016	6	2	18	17	SL1217	A	17	2	
30066	1	2016	6	2	18	52	SL1309	B	9	2	
30067	2	2016	6	2	18	23	SL1223	A	23	2	
30068	2	2016	6	2	18	5	SL1205	A	5	2	
30069	1	2016	6	2	20	53	SL1310	B	10	2	
30070	1	2016	6	2	20	27	SL1227	A	27	2	
30071	2	2016	6	2	20	50	SL1307	B	7	2	
30072	2	2016	6	2	20	30	SL1230	A	30	2	
30073	1	2016	6	2	22	82	SL1339	B	39	2	
30074	1	2016	6	2	22	5	SL1205	A	5	2	
30075	2	2016	6	2	22	70	SL1327	B	27	2	
30076	2	2016	6	2	22	1	SL1201	A	1	2	
30077	1	2016	6	3	0	78	SL1335	B	35	2	
30078	1	2016	6	3	0	43	Takanari	A	43	2	
30079	2	2016	6	3	0	40	SL1240	A	40	2	
30080	2	2016	6	3	0	62	SL1319	B	19	2	
30081	1	2016	6	3	2	29	SL1229	A	29	2	
30082	1	2016	6	3	2	81	SL1338	B	38	2	
30083	2	2016	6	3	2	36	SL1236	A	36	2	
30084	2	2016	6	3	2	78	SL1335	B	35	2	
30085	1	2016	6	3	4	66	SL1323	B	23	2	
30086	1	2016	6	3	4	22	SL1222	A	22	2	
30087	2	2016	6	3	4	86	HP-b	B	43	2	
30088	2	2016	6	3	4	76	SL1333	B	33	2	
30089	1	2016	6	3	6	8	SL1208	A	8	2	
30090	1	2016	6	3	6	72	SL1329	B	29	2	
30091	2	2016	6	3	6	55	SL1312	B	12	2	
30092	2	2016	6	3	6	61	SL1318	B	18	2	
30093	1	2016	6	3	8	59	SL1316	B	16	2	
30094	1	2016	6	3	8	46	SL1303	B	3	2	
30095	2	2016	6	3	8	29	SL1229	A	29	2	
30096	2	2016	6	3	8	7	SL1207	A	7	2	
30097	1	2016	6	9	10	37	SL1237	A	37	2	
30098	1	2016	6	9	10	30	SL1230	A	30	2	
30099	2	2016	6	9	10	44	SL1301	B	1	2	
30100	2	2016	6	9	10	57	SL1314	B	14	2	
30101	1	2016	6	9	12	70	SL1327	B	27	2	
30102	1	2016	6	9	12	85	HP-a	B	42	2	
30103	2	2016	6	9	12	39	SL1239	A	39	2	
30104	2	2016	6	9	12	66	SL1323	B	23	2	
30105	1	2016	6	9	14	58	SL1315	B	15	2	
30106	1	2016	6	9	14	57	SL1314	B	14	2	
30107	2	2016	6	9	14	25	SL1225	A	25	2	
30108	2	2016	6	9	14	10	SL1210	A	10	2	
30109	1	2016	6	9	16	32	SL1232	A	32	2	
30110	1	2016	6	9	16	76	SL1333	B	33	2	
30111	2	2016	6	9	16	35	SL1235	A	35	2	
30112	2	2016	6	9	16	42	Koshihikari	A	42	2	
30113	1	2016	6	9	18	3	SL1203	A	3	2	
30114	1	2016	6	9	18	75	SL1332	B	32	2	
30115	2	2016	6	9	18	63	SL1320	B	20	2	
30116	2	2016	6	9	18	65	SL1322	B	22	2	
30117	1	2016	6	9	20	7	SL1207	A	7	2	
30118	1	2016	6	9	20	15	SL1215	A	15	2	
30119	2	2016	6	9	20	11	SL1211	A	11	2	
30120	2	2016	6	9	20	13	SL1213	A	13	2	
30121	1	2016	6	9	22	50	SL1307	B	7	2	
30122	1	2016	6	9	22	83	Koshihikari	B	40	2	
30123	2	2016	6	9	22	28	SL1228	A	28	2	
30124	2	2016	6	9	22	20	SL1220	A	20	2	
30125	1	2016	6	10	0	74	SL1331	B	31	2	
30126	1	2016	6	10	0	31	SL1231	A	31	2	
30127	2	2016	6	10	0	64	SL1321	B	21	2	
30128	2	2016	6	10	0	18	SL1218	A	18	2	
30129	1	2016	6	10	2	39	SL1239	A	39	2	
30130	1	2016	6	10	2	18	SL1218	A	18	2	
30131	2	2016	6	10	2	2	SL1202	A	2	2	
30132	2	2016	6	10	2	33	SL1233	A	33	2	
30133	1	2016	6	10	4	51	SL1308	B	8	2	
30134	1	2016	6	10	4	54	SL1311	B	11	2	
30135	2	2016	6	10	4	19	SL1219	A	19	2	
30136	2	2016	6	10	4	72	SL1329	B	29	2	
30137	1	2016	6	10	6	55	SL1312	B	12	2	
30138	1	2016	6	10	6	56	SL1313	B	13	2	
30139	2	2016	6	10	6	14	SL1214	A	14	2	
30140	2	2016	6	10	6	47	SL1304	B	4	2	
30141	1	2016	6	10	8	44	SL1301	B	1	2	
30142	1	2016	6	10	8	28	SL1228	A	28	2	
30143	2	2016	6	10	8	49	SL1306	B	6	2	
30144	2	2016	6	10	8	43	Takanari	A	43	2	
30145	1	2016	6	16	10	48	SL1305	B	5	2	
30146	1	2016	6	16	10	10	SL1210	A	10	2	
30147	2	2016	6	16	10	82	SL1339	B	39	2	
30148	2	2016	6	16	10	83	Koshihikari	B	40	2	
30149	3	2016	6	16	10	69	SL1326	B	26	2	
30150	3	2016	6	16	10	78	SL1335	B	35	2	
30151	4	2016	6	16	10	24	SL1224	A	24	2	
30152	4	2016	6	16	10	70	SL1327	B	27	2	
30153	1	2016	6	16	12	73	SL1330	B	30	2	
30154	1	2016	6	16	12	71	SL1328	B	28	2	
30155	2	2016	6	16	12	85	HP-a	B	42	2	
30156	2	2016	6	16	12	80	SL1337	B	37	2	
30157	3	2016	6	16	12	3	SL1203	A	3	2	
30158	3	2016	6	16	12	7	SL1207	A	7	2	
30159	4	2016	6	16	12	73	SL1330	B	30	2	
30160	4	2016	6	16	12	1	SL1201	A	1	2	
30161	1	2016	6	16	14	6	SL1206	A	6	2	
30162	1	2016	6	16	14	63	SL1320	B	20	2	
30163	2	2016	6	16	14	56	SL1313	B	13	2	
30164	2	2016	6	16	14	53	SL1310	B	10	2	
30165	3	2016	6	16	14	72	SL1329	B	29	2	
30166	3	2016	6	16	14	81	SL1338	B	38	2	
30167	4	2016	6	16	14	10	SL1210	A	10	2	
30168	4	2016	6	16	14	49	SL1306	B	6	2	
30169	1	2016	6	16	16	9	SL1209	A	9	2	
30170	1	2016	6	16	16	49	SL1306	B	6	2	
30171	2	2016	6	16	16	31	SL1231	A	31	2	
30172	2	2016	6	16	16	46	SL1303	B	3	2	
30173	3	2016	6	16	16	53	SL1310	B	10	2	
30174	3	2016	6	16	16	77	SL1334	B	34	2	
30175	4	2016	6	16	16	53	SL1310	B	10	2	
30176	4	2016	6	16	16	76	SL1333	B	33	2	
30177	1	2016	6	16	18	33	SL1233	A	33	2	
30178	1	2016	6	16	18	45	SL1302	B	2	2	
30179	2	2016	6	16	18	16	SL1216	A	16	2	
30180	2	2016	6	16	18	68	SL1325	B	25	2	
30181	3	2016	6	16	18	65	SL1322	B	22	2	
30182	3	2016	6	16	18	59	SL1316	B	16	2	
30183	4	2016	6	16	18	84	Takanari	B	41	2	
30184	4	2016	6	16	18	19	SL1219	A	19	2	
30185	1	2016	6	16	20	60	SL1317	B	17	2	
30186	1	2016	6	16	20	61	SL1318	B	18	2	
30187	2	2016	6	16	20	9	SL1209	A	9	2	
30188	2	2016	6	16	20	74	SL1331	B	31	2	
30189	3	2016	6	16	20	63	SL1320	B	20	2	
30190	3	2016	6	16	20	54	SL1311	B	11	2	
30191	4	2016	6	16	20	52	SL1309	B	9	2	
30192	4	2016	6	16	20	71	SL1328	B	28	2	
30193	1	2016	6	16	22	21	SL1221	A	21	2	
30194	1	2016	6	16	22	41	SL1241	A	41	2	
30195	2	2016	6	16	22	69	SL1326	B	26	2	
30196	2	2016	6	16	22	84	Takanari	B	41	2	
30197	3	2016	6	16	22	9	SL1209	A	9	2	
30198	3	2016	6	16	22	46	SL1303	B	3	2	
30199	4	2016	6	16	22	5	SL1205	A	5	2	
30200	4	2016	6	16	22	54	SL1311	B	11	2	
30201	1	2016	6	17	0	79	SL1336	B	36	3	
30202	1	2016	6	17	0	76	SL1333	B	33	3	
30203	2	2016	6	17	0	21	SL1221	A	21	3	
30204	2	2016	6	17	0	33	SL1233	A	33	3	
30205	3	2016	6	17	0	5	SL1205	A	5	2	
30206	3	2016	6	17	0	31	SL1231	A	31	2	
30207	4	2016	6	17	0	66	SL1323	B	23	2	
30208	4	2016	6	17	0	32	SL1232	A	32	2	
30209	1	2016	6	17	2	63	SL1320	B	20	3	
30210	1	2016	6	17	2	82	SL1339	B	39	3	
30211	2	2016	6	17	2	79	SL1336	B	36	3	
30212	2	2016	6	17	2	10	SL1210	A	10	3	
30213	3	2016	6	17	2	27	SL1227	A	27	2	
30214	3	2016	6	17	2	74	SL1331	B	31	2	
30215	4	2016	6	17	2	83	Koshihikari	B	40	2	
30216	4	2016	6	17	2	72	SL1329	B	29	2	
30217	1	2016	6	17	4	42	Koshihikari	A	42	3	
30218	1	2016	6	17	4	16	SL1216	A	16	3	
30219	2	2016	6	17	4	69	SL1326	B	26	3	
30220	2	2016	6	17	4	31	SL1231	A	31	3	
30221	3	2016	6	17	4	48	SL1305	B	5	2	
30222	3	2016	6	17	4	79	SL1336	B	36	2	
30223	4	2016	6	17	4	37	SL1237	A	37	2	
30224	4	2016	6	17	4	57	SL1314	B	14	2	
30225	1	2016	6	17	6	78	SL1335	B	35	3	
30226	1	2016	6	17	6	33	SL1233	A	33	3	
30227	2	2016	6	17	6	22	SL1222	A	22	3	
30228	2	2016	6	17	6	12	SL1212	A	12	3	
30229	3	2016	6	17	6	52	SL1309	B	9	2	
30230	3	2016	6	17	6	15	SL1215	A	15	2	
30231	4	2016	6	17	6	67	SL1324	B	24	2	
30232	4	2016	6	17	6	47	SL1304	B	4	2	
30233	1	2016	6	17	8	47	SL1304	B	4	3	
30234	1	2016	6	17	8	44	SL1301	B	1	3	
30235	2	2016	6	17	8	7	SL1207	A	7	3	
30236	2	2016	6	17	8	85	HP-a	B	42	3	
30237	3	2016	6	17	8	55	SL1312	B	12	2	
30238	3	2016	6	17	8	64	SL1321	B	21	2	
30239	4	2016	6	17	8	6	SL1206	A	6	2	
30240	4	2016	6	17	8	80	SL1337	B	37	2	
30241	1	2016	6	23	10	59	SL1316	B	16	3	
30242	1	2016	6	23	10	12	SL1212	A	12	3	
30243	2	2016	6	23	10	9	SL1209	A	9	3	
30244	2	2016	6	23	10	42	Koshihikari	A	42	3	
30245	3	2016	6	23	10	70	SL1327	B	27	2	
30246	3	2016	6	23	10	41	SL1241	A	41	2	
30247	4	2016	6	23	10	2	SL1202	A	2	2	
30248	4	2016	6	23	10	23	SL1223	A	23	2	
30249	1	2016	6	23	12	69	SL1326	B	26	3	
30250	1	2016	6	23	12	71	SL1328	B	28	3	
30251	2	2016	6	23	12	43	Takanari	A	43	3	
30252	2	2016	6	23	12	72	SL1329	B	29	3	
30253	3	2016	6	23	12	19	SL1219	A	19	2	
30254	3	2016	6	23	12	56	SL1313	B	13	2	
30255	4	2016	6	23	12	12	SL1212	A	12	2	
30256	4	2016	6	23	12	41	SL1241	A	41	2	
30257	1	2016	6	23	14	62	SL1319	B	19	3	
30258	1	2016	6	23	14	57	SL1314	B	14	3	
30259	2	2016	6	23	14	68	SL1325	B	25	3	
30260	2	2016	6	23	14	51	SL1308	B	8	3	
30261	3	2016	6	23	14	42	Koshihikari	A	42	2	
30262	3	2016	6	23	14	23	SL1223	A	23	2	
30263	4	2016	6	23	14	51	SL1308	B	8	2	
30264	4	2016	6	23	14	38	SL1238	A	38	2	
30265	1	2016	6	23	16	46	SL1303	B	3	3	
30266	1	2016	6	23	16	1	SL1201	A	1	3	
30267	2	2016	6	23	16	49	SL1306	B	6	3	
30268	2	2016	6	23	16	32	SL1232	A	32	3	
30269	3	2016	6	23	16	11	SL1211	A	11	2	
30270	3	2016	6	23	16	40	SL1240	A	40	2	
30271	4	2016	6	23	16	35	SL1235	A	35	2	
30272	4	2016	6	23	16	8	SL1208	A	8	2	
30273	1	2016	6	23	18	26	SL1226	A	26	3	
30274	1	2016	6	23	18	41	SL1241	A	41	3	
30275	2	2016	6	23	18	19	SL1219	A	19	3	
30276	2	2016	6	23	18	23	SL1223	A	23	3	
30277	3	2016	6	23	18	29	SL1229	A	29	2	
30278	3	2016	6	23	18	33	SL1233	A	33	2	
30279	4	2016	6	23	18	21	SL1221	A	21	2	
30280	4	2016	6	23	18	42	Koshihikari	A	42	2	
30281	1	2016	6	23	20	80	SL1337	B	37	3	
30282	1	2016	6	23	20	60	SL1317	B	17	3	
30283	2	2016	6	23	20	57	SL1314	B	14	3	
30284	2	2016	6	23	20	64	SL1321	B	21	3	
30285	3	2016	6	23	20	62	SL1319	B	19	2	
30286	3	2016	6	23	20	30	SL1230	A	30	2	
30287	4	2016	6	23	20	82	SL1339	B	39	2	
30288	4	2016	6	23	20	4	SL1204	A	4	2	
30289	1	2016	6	23	22	65	SL1322	B	22	3	
30290	1	2016	6	23	22	17	SL1217	A	17	3	
30291	2	2016	6	23	22	61	SL1318	B	18	3	
30292	2	2016	6	23	22	13	SL1213	A	13	3	
30293	3	2016	6	23	22	21	SL1221	A	21	2	
30294	3	2016	6	23	22	67	SL1324	B	24	2	
30295	4	2016	6	23	22	14	SL1214	A	14	2	
30296	4	2016	6	23	22	34	SL1234	A	34	2	
30297	1	2016	6	24	0	3	SL1203	A	3	3	
30298	1	2016	6	24	0	75	SL1332	B	32	3	
30299	2	2016	6	24	0	48	SL1305	B	5	3	
30300	2	2016	6	24	0	81	SL1338	B	38	3	
30301	3	2016	6	24	0	44	SL1301	B	1	2	
30302	3	2016	6	24	0	61	SL1318	B	18	2	
30303	4	2016	6	24	0	11	SL1211	A	11	2	
30304	4	2016	6	24	0	44	SL1301	B	1	2	
30305	1	2016	6	24	2	27	SL1227	A	27	3	
30306	1	2016	6	24	2	25	SL1225	A	25	3	
30307	2	2016	6	24	2	52	SL1309	B	9	3	
30308	2	2016	6	24	2	67	SL1324	B	24	3	
30309	3	2016	6	24	2	60	SL1317	B	17	2	
30310	3	2016	6	24	2	26	SL1226	A	26	2	
30311	4	2016	6	24	2	29	SL1229	A	29	2	
30312	4	2016	6	24	2	9	SL1209	A	9	2	
30313	1	2016	6	24	4	5	SL1205	A	5	3	
30314	1	2016	6	24	4	77	SL1334	B	34	3	
30315	2	2016	6	24	4	17	SL1217	A	17	3	
30316	2	2016	6	24	4	78	SL1335	B	35	3	
30317	3	2016	6	24	4	8	SL1208	A	8	2	
30318	3	2016	6	24	4	34	SL1234	A	34	2	
30319	4	2016	6	24	4	22	SL1222	A	22	2	
30320	4	2016	6	24	4	16	SL1216	A	16	2	
30321	1	2016	6	24	6	48	SL1305	B	5	3	
30322	1	2016	6	24	6	81	SL1338	B	38	3	
30323	2	2016	6	24	6	5	SL1205	A	5	3	
30324	2	2016	6	24	6	38	SL1238	A	38	3	
30325	3	2016	6	24	6	36	SL1236	A	36	2	
30326	3	2016	6	24	6	83	Koshihikari	B	40	2	
30327	4	2016	6	24	6	48	SL1305	B	5	2	
30328	4	2016	6	24	6	74	SL1331	B	31	2	
30329	1	2016	6	24	8	30	SL1230	A	30	3	
30330	1	2016	6	24	8	73	SL1330	B	30	3	
30331	2	2016	6	24	8	53	SL1310	B	10	3	
30332	2	2016	6	24	8	30	SL1230	A	30	3	
30333	3	2016	6	24	8	1	SL1201	A	1	2	
30334	3	2016	6	24	8	50	SL1307	B	7	2	
30335	4	2016	6	24	8	55	SL1312	B	12	2	
30336	4	2016	6	24	8	56	SL1313	B	13	2	
30337	1	2016	6	30	10	2	SL1202	A	2	3	
30338	1	2016	6	30	10	70	SL1327	B	27	3	
30339	2	2016	6	30	10	45	SL1302	B	2	3	
30340	2	2016	6	30	10	60	SL1317	B	17	3	
30341	3	2016	6	30	10	39	SL1239	A	39	2	
30342	3	2016	6	30	10	25	SL1225	A	25	2	
30343	4	2016	6	30	10	27	SL1227	A	27	2	
30344	4	2016	6	30	10	68	SL1325	B	25	2	
30345	1	2016	6	30	12	56	SL1313	B	13	3	
30346	1	2016	6	30	12	67	SL1324	B	24	3	
30347	2	2016	6	30	12	6	SL1206	A	6	3	
30348	2	2016	6	30	12	41	SL1241	A	41	3	
30349	3	2016	6	30	12	71	SL1328	B	28	2	
30350	3	2016	6	30	12	85	HP-a	B	42	2	
30351	4	2016	6	30	12	13	SL1213	A	13	2	
30352	4	2016	6	30	12	25	SL1225	A	25	2	
30353	1	2016	6	30	14	34	SL1234	A	34	3	
30354	1	2016	6	30	14	36	SL1236	A	36	3	
30355	2	2016	6	30	14	20	SL1220	A	20	3	
30356	2	2016	6	30	14	34	SL1234	A	34	3	
30357	3	2016	6	30	14	10	SL1210	A	10	2	
30358	3	2016	6	30	14	80	SL1337	B	37	2	
30359	4	2016	6	30	14	75	SL1332	B	32	2	
30360	4	2016	6	30	14	36	SL1236	A	36	2	
30361	1	2016	6	30	16	74	SL1331	B	31	3	
30362	1	2016	6	30	16	38	SL1238	A	38	3	
30363	2	2016	6	30	16	3	SL1203	A	3	3	
30364	2	2016	6	30	16	55	SL1312	B	12	3	
30365	3	2016	6	30	16	84	Takanari	B	41	2	
30366	3	2016	6	30	16	20	SL1220	A	20	2	
30367	4	2016	6	30	16	59	SL1316	B	16	2	
30368	4	2016	6	30	16	65	SL1322	B	22	2	
30369	1	2016	6	30	18	24	SL1224	A	24	3	
30370	1	2016	6	30	18	68	SL1325	B	25	3	
30371	2	2016	6	30	18	35	SL1235	A	35	3	
30372	2	2016	6	30	18	74	SL1331	B	31	3	
30373	3	2016	6	30	18	35	SL1235	A	35	2	
30374	3	2016	6	30	18	28	SL1228	A	28	2	
30375	4	2016	6	30	18	18	SL1218	A	18	2	
30376	4	2016	6	30	18	58	SL1315	B	15	2	
30377	1	2016	6	30	20	7	SL1207	A	7	3	
30378	1	2016	6	30	20	21	SL1221	A	21	3	
30379	2	2016	6	30	20	84	Takanari	B	41	3	
30380	2	2016	6	30	20	26	SL1226	A	26	3	
30381	3	2016	6	30	20	12	SL1212	A	12	2	
30382	3	2016	6	30	20	49	SL1306	B	6	2	
30383	4	2016	6	30	20	26	SL1226	A	26	2	
30384	4	2016	6	30	20	78	SL1335	B	35	2	
30385	1	2016	6	30	22	85	HP-a	B	42	3	
30386	1	2016	6	30	22	86	HP-b	B	43	3	
30387	2	2016	6	30	22	11	SL1211	A	11	3	
30388	2	2016	6	30	22	77	SL1334	B	34	3	
30389	3	2016	6	30	22	17	SL1217	A	17	2	
30390	3	2016	6	30	22	2	SL1202	A	2	2	
30391	4	2016	6	30	22	77	SL1334	B	34	2	
30392	4	2016	6	30	22	40	SL1240	A	40	2	
30393	1	2016	7	1	0	52	SL1309	B	9	3	
30394	1	2016	7	1	0	9	SL1209	A	9	3	
30395	2	2016	7	1	0	66	SL1323	B	23	3	
30396	2	2016	7	1	0	56	SL1313	B	13	3	
30397	3	2016	7	1	0	38	SL1238	A	38	2	
30398	3	2016	7	1	0	68	SL1325	B	25	2	
30399	4	2016	7	1	0	30	SL1230	A	30	2	
30400	4	2016	7	1	0	61	SL1318	B	18	2	
30401	1	2016	7	1	2	39	SL1239	A	39	3	
30402	1	2016	7	1	2	19	SL1219	A	19	3	
30403	2	2016	7	1	2	1	SL1201	A	1	3	
30404	2	2016	7	1	2	80	SL1337	B	37	3	
30405	3	2016	7	1	2	4	SL1204	A	4	2	
30406	3	2016	7	1	2	43	Takanari	A	43	2	
30407	4	2016	7	1	2	7	SL1207	A	7	2	
30408	4	2016	7	1	2	20	SL1220	A	20	2	
30409	1	2016	7	1	4	8	SL1208	A	8	3	
30410	1	2016	7	1	4	15	SL1215	A	15	3	
30411	2	2016	7	1	4	27	SL1227	A	27	3	
30412	2	2016	7	1	4	37	SL1237	A	37	3	
30413	3	2016	7	1	4	86	HP-b	B	43	2	
30414	3	2016	7	1	4	6	SL1206	A	6	2	
30415	4	2016	7	1	4	46	SL1303	B	3	2	
30416	4	2016	7	1	4	43	Takanari	A	43	2	
30417	1	2016	7	1	6	6	SL1206	A	6	3	
30418	1	2016	7	1	6	54	SL1311	B	11	3	
30419	2	2016	7	1	6	8	SL1208	A	8	3	
30420	2	2016	7	1	6	63	SL1320	B	20	3	
30421	3	2016	7	1	6	82	SL1339	B	39	2	
30422	3	2016	7	1	6	66	SL1323	B	23	2	
30423	4	2016	7	1	6	17	SL1217	A	17	2	
30424	4	2016	7	1	6	85	HP-a	B	42	2	
30425	1	2016	7	1	8	23	SL1223	A	23	3	
30426	1	2016	7	1	8	31	SL1231	A	31	3	
30427	2	2016	7	1	8	62	SL1319	B	19	3	
30428	2	2016	7	1	8	25	SL1225	A	25	3	
30429	3	2016	7	1	8	14	SL1214	A	14	2	
30430	3	2016	7	1	8	73	SL1330	B	30	2	
30431	4	2016	7	1	8	63	SL1320	B	20	2	
30432	4	2016	7	1	8	45	SL1302	B	2	2	
30433	1	2016	7	7	10	43	Takanari	A	43	3	
30434	1	2016	7	7	10	20	SL1220	A	20	3	
30435	2	2016	7	7	10	65	SL1322	B	22	3	
30436	2	2016	7	7	10	50	SL1307	B	7	3	
30437	3	2016	7	7	10	22	SL1222	A	22	2	
30438	3	2016	7	7	10	37	SL1237	A	37	2	
30439	4	2016	7	7	10	69	SL1326	B	26	2	
30440	4	2016	7	7	10	62	SL1319	B	19	2	
30441	1	2016	7	7	12	35	SL1235	A	35	3	
30442	1	2016	7	7	12	11	SL1211	A	11	3	
30443	2	2016	7	7	12	15	SL1215	A	15	3	
30444	2	2016	7	7	12	28	SL1228	A	28	3	
30445	3	2016	7	7	12	57	SL1314	B	14	2	
30446	3	2016	7	7	12	32	SL1232	A	32	2	
30447	4	2016	7	7	12	81	SL1338	B	38	2	
30448	4	2016	7	7	12	39	SL1239	A	39	2	
30449	1	2016	7	7	14	40	SL1240	A	40	3	
30450	1	2016	7	7	14	14	SL1214	A	14	3	
30451	2	2016	7	7	14	54	SL1311	B	11	3	
30452	2	2016	7	7	14	75	SL1332	B	32	3	
30453	3	2016	7	7	14	47	SL1304	B	4	2	
30454	3	2016	7	7	14	13	SL1213	A	13	2	
30455	4	2016	7	7	14	60	SL1317	B	17	2	
30456	4	2016	7	7	14	86	HP-b	B	43	2	
30457	1	2016	7	7	16	53	SL1310	B	10	3	
30458	1	2016	7	7	16	29	SL1229	A	29	3	
30459	2	2016	7	7	16	76	SL1333	B	33	3	
30460	2	2016	7	7	16	40	SL1240	A	40	3	
30461	3	2016	7	7	16	51	SL1308	B	8	2	
30462	3	2016	7	7	16	45	SL1302	B	2	2	
30463	4	2016	7	7	16	79	SL1336	B	36	1	
30464	4	2016	7	7	16	15	SL1215	A	15	2	
30465	1	2016	7	7	18	55	SL1312	B	12	3	
30466	1	2016	7	7	18	45	SL1302	B	2	3	
30467	2	2016	7	7	18	73	SL1330	B	30	3	
30468	2	2016	7	7	18	82	SL1339	B	39	3	
30469	3	2016	7	7	18	58	SL1315	B	15	2	
30470	3	2016	7	7	18	24	SL1224	A	24	2	
30471	4	2016	7	7	18	64	SL1321	B	21	2	
30472	4	2016	7	7	18	50	SL1307	B	7	2	
30473	1	2016	7	7	20	28	SL1228	A	28	3	
30474	1	2016	7	7	20	83	Koshihikari	B	40	3	
30475	2	2016	7	7	20	47	SL1304	B	4	3	
30476	2	2016	7	7	20	2	SL1202	A	2	3	
30477	3	2016	7	7	20	75	SL1332	B	32	2	
30478	3	2016	7	7	20	18	SL1218	A	18	2	
30479	4	2016	7	7	20	3	SL1203	A	3	2	
30480	4	2016	7	7	20	33	SL1233	A	33	2	
30481	1	2016	7	7	22	72	SL1329	B	29	3	
30482	1	2016	7	7	22	37	SL1237	A	37	3	
30483	2	2016	7	7	22	59	SL1316	B	16	3	
30484	2	2016	7	7	22	39	SL1239	A	39	3	
30485	3	2016	7	7	22	76	SL1333	B	33	2	
30486	3	2016	7	7	22	16	SL1216	A	16	2	
30487	4	2016	7	7	22	31	SL1231	A	31	2	
30488	4	2016	7	7	22	28	SL1228	A	28	2	
30489	1	2016	7	8	0	13	SL1213	A	13	3	
30490	1	2016	7	8	0	51	SL1308	B	8	3	
30491	2	2016	7	8	0	36	SL1236	A	36	3	
30492	2	2016	7	8	0	14	SL1214	A	14	3	
30493	3	2016	7	8	0	47	SL1304	B	4	3	
30494	3	2016	7	8	0	85	HP-a	B	42	3	
30495	4	2016	7	8	0	11	SL1211	A	11	3	
30496	4	2016	7	8	0	15	SL1215	A	15	3	
30497	1	2016	7	8	2	18	SL1218	A	18	3	
30498	1	2016	7	8	2	4	SL1204	A	4	3	
30499	2	2016	7	8	2	29	SL1229	A	29	3	
30500	2	2016	7	8	2	16	SL1216	A	16	3	
30501	3	2016	7	8	2	62	SL1319	B	19	3	
30502	3	2016	7	8	2	70	SL1327	B	27	3	
30503	4	2016	7	8	2	74	SL1331	B	31	3	
30504	4	2016	7	8	2	29	SL1229	A	29	3	
30505	1	2016	7	8	4	58	SL1315	B	15	3	
30506	1	2016	7	8	4	61	SL1318	B	18	3	
30507	2	2016	7	8	4	24	SL1224	A	24	3	
30508	2	2016	7	8	4	46	SL1303	B	3	3	
30509	3	2016	7	8	4	40	SL1240	A	40	3	
30510	3	2016	7	8	4	61	SL1318	B	18	3	
30511	4	2016	7	8	4	26	SL1226	A	26	3	
30512	4	2016	7	8	4	22	SL1222	A	22	3	
30513	1	2016	7	8	6	50	SL1307	B	7	3	
30514	1	2016	7	8	6	49	SL1306	B	6	3	
30515	2	2016	7	8	6	58	SL1315	B	15	3	
30516	2	2016	7	8	6	71	SL1328	B	28	3	
30517	3	2016	7	8	6	9	SL1209	A	9	3	
30518	3	2016	7	8	6	56	SL1313	B	13	3	
30519	4	2016	7	8	6	7	SL1207	A	7	3	
30520	4	2016	7	8	6	13	SL1213	A	13	3	
30521	1	2016	7	8	8	22	SL1222	A	22	3	
30522	1	2016	7	8	8	64	SL1321	B	21	3	
30523	2	2016	7	8	8	44	SL1301	B	1	3	
30524	2	2016	7	8	8	18	SL1218	A	18	3	
30525	3	2016	7	8	8	32	SL1232	A	32	3	
30526	3	2016	7	8	8	80	SL1337	B	37	3	
30527	4	2016	7	8	8	39	SL1239	A	39	3	
30528	4	2016	7	8	8	14	SL1214	A	14	3	
30529	1	2016	7	14	10	32	SL1232	A	32	3	
30530	1	2016	7	14	10	66	SL1323	B	23	3	
30531	2	2016	7	14	10	70	SL1327	B	27	3	
30532	2	2016	7	14	10	83	Koshihikari	B	40	3	
30533	3	2016	7	14	10	37	SL1237	A	37	3	
30534	3	2016	7	14	10	30	SL1230	A	30	3	
30535	4	2016	7	14	10	40	SL1240	A	40	3	
30536	4	2016	7	14	10	34	SL1234	A	34	3	
30537	1	2016	7	14	12	10	SL1210	A	10	3	
30538	1	2016	7	14	12	84	Takanari	B	41	3	
30539	2	2016	7	14	12	86	HP-b	B	43	3	
30540	2	2016	7	14	12	4	SL1204	A	4	3	
30541	3	2016	7	14	12	54	SL1311	B	11	3	
30542	3	2016	7	14	12	34	SL1234	A	34	3	
30543	4	2016	7	14	12	44	SL1301	B	1	3	
30544	4	2016	7	14	12	4	SL1204	A	4	3	
30545	1	2016	7	14	14	71	SL1328	B	28	4	
30546	1	2016	7	14	14	57	SL1314	B	14	4	
30547	2	2016	7	14	14	71	SL1328	B	28	4	
30548	2	2016	7	14	14	54	SL1311	B	11	4	
30549	3	2016	7	14	14	16	SL1216	A	16	3	
30550	3	2016	7	14	14	84	Takanari	B	41	3	
30551	4	2016	7	14	14	52	SL1309	B	9	3	
30552	4	2016	7	14	14	71	SL1328	B	28	3	
30553	1	2016	7	14	16	13	SL1213	A	13	4	
30554	1	2016	7	14	16	15	SL1215	A	15	4	
30555	2	2016	7	14	16	8	SL1208	A	8	4	
30556	2	2016	7	14	16	16	SL1216	A	16	4	
30557	3	2016	7	14	16	81	SL1338	B	38	3	
30558	3	2016	7	14	16	64	SL1321	B	21	3	
30559	4	2016	7	14	16	25	SL1225	A	25	3	
30560	4	2016	7	14	16	24	SL1224	A	24	3	
30561	1	2016	7	14	18	39	SL1239	A	39	4	
30562	1	2016	7	14	18	1	SL1201	A	1	4	
30563	2	2016	7	14	18	46	SL1303	B	3	4	
30564	2	2016	7	14	18	31	SL1231	A	31	4	
30565	3	2016	7	14	18	10	SL1210	A	10	3	
30566	3	2016	7	14	18	55	SL1312	B	12	3	
30567	4	2016	7	14	18	64	SL1321	B	21	3	
30568	4	2016	7	14	18	12	SL1212	A	12	3	
30569	1	2016	7	14	20	52	SL1309	B	9	4	
30570	1	2016	7	14	20	65	SL1322	B	22	4	
30571	2	2016	7	14	20	63	SL1320	B	20	4	
30572	2	2016	7	14	20	14	SL1214	A	14	4	
30573	3	2016	7	14	20	76	SL1333	B	33	3	
30574	3	2016	7	14	20	44	SL1301	B	1	3	
30575	4	2016	7	14	20	65	SL1322	B	22	3	
30576	4	2016	7	14	20	36	SL1236	A	36	3	
30577	1	2016	7	14	22	86	HP-b	B	43	4	
30578	1	2016	7	14	22	79	SL1336	B	36	4	
30579	2	2016	7	14	22	40	SL1240	A	40	4	
30580	2	2016	7	14	22	27	SL1227	A	27	4	
30581	3	2016	7	14	22	14	SL1214	A	14	3	
30582	3	2016	7	14	22	63	SL1320	B	20	3	
30583	4	2016	7	14	22	62	SL1319	B	19	3	
30584	4	2016	7	14	22	60	SL1317	B	17	3	
30585	1	2016	7	15	0	64	SL1321	B	21	4	
30586	1	2016	7	15	0	29	SL1229	A	29	4	
30587	2	2016	7	15	0	75	SL1332	B	32	4	
30588	2	2016	7	15	0	44	SL1301	B	1	4	
30589	3	2016	7	15	0	43	Takanari	A	43	3	
30590	3	2016	7	15	0	35	SL1235	A	35	3	
30591	4	2016	7	15	0	17	SL1217	A	17	3	
30592	4	2016	7	15	0	84	Takanari	B	41	3	
30593	1	2016	7	15	2	43	Takanari	A	43	4	
30594	1	2016	7	15	2	77	SL1334	B	34	4	
30595	2	2016	7	15	2	24	SL1224	A	24	4	
30596	2	2016	7	15	2	50	SL1307	B	7	4	
30597	3	2016	7	15	2	66	SL1323	B	23	3	
30598	3	2016	7	15	2	11	SL1211	A	11	3	
30599	4	2016	7	15	2	2	SL1202	A	2	3	
30600	4	2016	7	15	2	78	SL1335	B	35	3	
30601	1	2016	7	15	4	66	SL1323	B	23	4	
30602	1	2016	7	15	4	42	Koshihikari	A	42	4	
30603	2	2016	7	15	4	69	SL1326	B	26	4	
30604	2	2016	7	15	4	28	SL1228	A	28	4	
30605	3	2016	7	15	4	13	SL1213	A	13	3	
30606	3	2016	7	15	4	31	SL1231	A	31	3	
30607	4	2016	7	15	4	68	SL1325	B	25	3	
30608	4	2016	7	15	4	70	SL1327	B	27	3	
30609	1	2016	7	15	6	82	SL1339	B	39	4	
30610	1	2016	7	15	6	24	SL1224	A	24	4	
30611	2	2016	7	15	6	38	SL1238	A	38	4	
30612	2	2016	7	15	6	79	SL1336	B	36	4	
30613	3	2016	7	15	6	69	SL1326	B	26	3	
30614	3	2016	7	15	6	23	SL1223	A	23	3	
30615	4	2016	7	15	6	41	SL1241	A	41	3	
30616	4	2016	7	15	6	43	Takanari	A	43	3	
30617	1	2016	7	15	8	73	SL1330	B	30	4	
30618	1	2016	7	15	8	53	SL1310	B	10	4	
30619	2	2016	7	15	8	41	SL1241	A	41	4	
30620	2	2016	7	15	8	2	SL1202	A	2	4	
30621	3	2016	7	15	8	19	SL1219	A	19	3	
30622	3	2016	7	15	8	29	SL1229	A	29	3	
30623	4	2016	7	15	8	53	SL1310	B	10	3	
30624	4	2016	7	15	8	37	SL1237	A	37	3	
30625	1	2016	7	21	10	6	SL1206	A	6	4	
30626	1	2016	7	21	10	37	SL1237	A	37	4	
30627	2	2016	7	21	10	61	SL1318	B	18	4	
30628	2	2016	7	21	10	59	SL1316	B	16	4	
30629	3	2016	7	21	10	17	SL1217	A	17	3	
30630	3	2016	7	21	10	15	SL1215	A	15	3	
30631	4	2016	7	21	10	57	SL1314	B	14	3	
30632	4	2016	7	21	10	66	SL1323	B	23	3	
30633	1	2016	7	21	12	14	SL1214	A	14	4	
30634	1	2016	7	21	12	38	SL1238	A	38	4	
30635	2	2016	7	21	12	33	SL1233	A	33	4	
30636	2	2016	7	21	12	29	SL1229	A	29	4	
30637	3	2016	7	21	12	82	SL1339	B	39	3	
30638	3	2016	7	21	12	73	SL1330	B	30	3	
30639	4	2016	7	21	12	80	SL1337	B	37	3	
30640	4	2016	7	21	12	42	Koshihikari	A	42	3	
30641	1	2016	7	21	14	25	SL1225	A	25	4	
30642	1	2016	7	21	14	26	SL1226	A	26	4	
30643	2	2016	7	21	14	62	SL1319	B	19	4	
30644	2	2016	7	21	14	6	SL1206	A	6	4	
30645	3	2016	7	21	14	20	SL1220	A	20	3	
30646	3	2016	7	21	14	72	SL1329	B	29	3	
30647	4	2016	7	21	14	79	SL1336	B	36	3	
30648	4	2016	7	21	14	67	SL1324	B	24	3	
30649	1	2016	7	21	16	7	SL1207	A	7	4	
30650	1	2016	7	21	16	27	SL1227	A	27	4	
30651	2	2016	7	21	16	78	SL1335	B	35	4	
30652	2	2016	7	21	16	47	SL1304	B	4	4	
30653	3	2016	7	21	16	8	SL1208	A	8	3	
30654	3	2016	7	21	16	52	SL1309	B	9	3	
30655	4	2016	7	21	16	19	SL1219	A	19	3	
30656	4	2016	7	21	16	49	SL1306	B	6	3	
30657	1	2016	7	21	18	5	SL1205	A	5	4	
30658	1	2016	7	21	18	17	SL1217	A	17	4	
30659	2	2016	7	21	18	70	SL1327	B	27	4	
30660	2	2016	7	21	18	1	SL1201	A	1	4	
30661	3	2016	7	21	18	68	SL1325	B	25	3	
30662	3	2016	7	21	18	18	SL1218	A	18	3	
30663	4	2016	7	21	18	72	SL1329	B	29	3	
30664	4	2016	7	21	18	46	SL1303	B	3	3	
30665	1	2016	7	21	20	85	HP-a	B	42	4	
30666	1	2016	7	21	20	31	SL1231	A	31	4	
30667	2	2016	7	21	20	15	SL1215	A	15	4	
30668	2	2016	7	21	20	58	SL1315	B	15	4	
30669	3	2016	7	21	20	6	SL1206	A	6	3	
30670	3	2016	7	21	20	27	SL1227	A	27	3	
30671	4	2016	7	21	20	10	SL1210	A	10	3	
30672	4	2016	7	21	20	82	SL1339	B	39	3	
30673	1	2016	7	21	22	51	SL1308	B	8	4	
30674	1	2016	7	21	22	45	SL1302	B	2	4	
30675	2	2016	7	21	22	26	SL1226	A	26	4	
30676	2	2016	7	21	22	81	SL1338	B	38	4	
30677	3	2016	7	21	22	22	SL1222	A	22	3	
30678	3	2016	7	21	22	58	SL1315	B	15	3	
30679	4	2016	7	21	22	20	SL1220	A	20	3	
30680	4	2016	7	21	22	77	SL1334	B	34	3	
30681	1	2016	7	22	0	30	SL1230	A	30	4	
30682	1	2016	7	22	0	76	SL1333	B	33	4	
30683	2	2016	7	22	0	35	SL1235	A	35	4	
30684	2	2016	7	22	0	86	HP-b	B	43	4	
30685	3	2016	7	22	0	79	SL1336	B	36	3	
30686	3	2016	7	22	0	33	SL1233	A	33	3	
30687	4	2016	7	22	0	1	SL1201	A	1	3	
30688	4	2016	7	22	0	27	SL1227	A	27	3	
30689	1	2016	7	22	2	62	SL1319	B	19	4	
30690	1	2016	7	22	2	32	SL1232	A	32	4	
30691	2	2016	7	22	2	13	SL1213	A	13	4	
30692	2	2016	7	22	2	5	SL1205	A	5	4	
30693	3	2016	7	22	2	46	SL1303	B	3	3	
30694	3	2016	7	22	2	26	SL1226	A	26	3	
30695	4	2016	7	22	2	35	SL1235	A	35	3	
30696	4	2016	7	22	2	31	SL1231	A	31	3	
30697	1	2016	7	22	4	74	SL1331	B	31	4	
30698	1	2016	7	22	4	22	SL1222	A	22	4	
30699	2	2016	7	22	4	67	SL1324	B	24	4	
30700	2	2016	7	22	4	22	SL1222	A	22	4	
30701	3	2016	7	22	4	5	SL1205	A	5	3	
30702	3	2016	7	22	4	59	SL1316	B	16	3	
30703	4	2016	7	22	4	61	SL1318	B	18	3	
30704	4	2016	7	22	4	47	SL1304	B	4	3	
30705	1	2016	7	22	6	75	SL1332	B	32	4	
30706	1	2016	7	22	6	36	SL1236	A	36	4	
30707	2	2016	7	22	6	12	SL1212	A	12	4	
30708	2	2016	7	22	6	10	SL1210	A	10	4	
30709	3	2016	7	22	6	65	SL1322	B	22	3	
30710	3	2016	7	22	6	83	Koshihikari	B	40	3	
30711	4	2016	7	22	6	30	SL1230	A	30	3	
30712	4	2016	7	22	6	56	SL1313	B	13	3	
30713	1	2016	7	22	8	80	SL1337	B	37	4	
30714	1	2016	7	22	8	2	SL1202	A	2	4	
30715	2	2016	7	22	8	19	SL1219	A	19	4	
30716	2	2016	7	22	8	83	Koshihikari	B	40	4	
30717	3	2016	7	22	8	48	SL1305	B	5	3	
30718	3	2016	7	22	8	42	Koshihikari	A	42	3	
30719	4	2016	7	22	8	55	SL1312	B	12	3	
30720	4	2016	7	22	8	16	SL1216	A	16	3	
30721	1	2016	7	28	10	69	SL1326	B	26	4	
30722	1	2016	7	28	10	59	SL1316	B	16	4	
30723	2	2016	7	28	10	9	SL1209	A	9	4	
30724	2	2016	7	28	10	23	SL1223	A	23	4	
30725	3	2016	7	28	10	25	SL1225	A	25	3	
30726	3	2016	7	28	10	2	SL1202	A	2	3	
30727	4	2016	7	28	10	73	SL1330	B	30	3	
30728	4	2016	7	28	10	50	SL1307	B	7	3	
30729	1	2016	7	28	12	11	SL1211	A	11	4	
30730	1	2016	7	28	12	9	SL1209	A	9	4	
30731	2	2016	7	28	12	49	SL1306	B	6	4	
30732	2	2016	7	28	12	30	SL1230	A	30	4	
30733	3	2016	7	28	12	75	SL1332	B	32	3	
30734	3	2016	7	28	12	24	SL1224	A	24	3	
30735	4	2016	7	28	12	45	SL1302	B	2	3	
30736	4	2016	7	28	12	33	SL1233	A	33	3	
30737	1	2016	7	28	14	33	SL1233	A	33	4	
30738	1	2016	7	28	14	19	SL1219	A	19	4	
30739	2	2016	7	28	14	66	SL1323	B	23	4	
30740	2	2016	7	28	14	34	SL1234	A	34	4	
30741	3	2016	7	28	14	7	SL1207	A	7	3	
30742	3	2016	7	28	14	53	SL1310	B	10	3	
30743	4	2016	7	28	14	38	SL1238	A	38	3	
30744	4	2016	7	28	14	58	SL1315	B	15	3	
30745	1	2016	7	28	16	16	SL1216	A	16	4	
30746	1	2016	7	28	16	56	SL1313	B	13	4	
30747	2	2016	7	28	16	20	SL1220	A	20	4	
30748	2	2016	7	28	16	60	SL1317	B	17	4	
30749	3	2016	7	28	16	39	SL1239	A	39	3	
30750	3	2016	7	28	16	60	SL1317	B	17	3	
30751	4	2016	7	28	16	5	SL1205	A	5	3	
30752	4	2016	7	28	16	54	SL1311	B	11	3	
30753	1	2016	7	28	18	23	SL1223	A	23	4	
30754	1	2016	7	28	18	35	SL1235	A	35	4	
30755	2	2016	7	28	18	56	SL1313	B	13	4	
30756	2	2016	7	28	18	80	SL1337	B	37	4	
30757	3	2016	7	28	18	57	SL1314	B	14	3	
30758	3	2016	7	28	18	28	SL1228	A	28	3	
30759	4	2016	7	28	18	83	Koshihikari	B	40	3	
30760	4	2016	7	28	18	3	SL1203	A	3	3	
30761	1	2016	7	28	20	84	Takanari	B	41	4	
30762	1	2016	7	28	20	44	SL1301	B	1	4	
30763	2	2016	7	28	20	21	SL1221	A	21	4	
30764	2	2016	7	28	20	72	SL1329	B	29	4	
30765	3	2016	7	28	20	71	SL1328	B	28	3	
30766	3	2016	7	28	20	86	HP-b	B	43	3	
30767	4	2016	7	28	20	69	SL1326	B	26	3	
30768	4	2016	7	28	20	28	SL1228	A	28	3	
30769	1	2016	7	28	22	28	SL1228	A	28	4	
30770	1	2016	7	28	22	72	SL1329	B	29	4	
30771	2	2016	7	28	22	65	SL1322	B	22	4	
30772	2	2016	7	28	22	57	SL1314	B	14	4	
30773	3	2016	7	28	22	67	SL1324	B	24	3	
30774	3	2016	7	28	22	51	SL1308	B	8	3	
30775	4	2016	7	28	22	8	SL1208	A	8	3	
30776	4	2016	7	28	22	59	SL1316	B	16	3	
30777	1	2016	7	29	0	54	SL1311	B	11	4	
30778	1	2016	7	29	0	10	SL1210	A	10	4	
30779	2	2016	7	29	0	3	SL1203	A	3	4	
30780	2	2016	7	29	0	82	SL1339	B	39	4	
30781	3	2016	7	29	0	45	SL1302	B	2	3	
30782	3	2016	7	29	0	4	SL1204	A	4	3	
30783	4	2016	7	29	0	85	HP-a	B	42	3	
30784	4	2016	7	29	0	21	SL1221	A	21	3	
30785	1	2016	7	29	2	3	SL1203	A	3	4	
30786	1	2016	7	29	2	47	SL1304	B	4	4	
30787	2	2016	7	29	2	76	SL1333	B	33	4	
30788	2	2016	7	29	2	18	SL1218	A	18	4	
30789	3	2016	7	29	2	77	SL1334	B	34	3	
30790	3	2016	7	29	2	3	SL1203	A	3	3	
30791	4	2016	7	29	2	75	SL1332	B	32	3	
30792	4	2016	7	29	2	23	SL1223	A	23	3	
30793	1	2016	7	29	4	20	SL1220	A	20	4	
30794	1	2016	7	29	4	63	SL1320	B	20	4	
30795	2	2016	7	29	4	48	SL1305	B	5	4	
30796	2	2016	7	29	4	74	SL1331	B	31	4	
30797	3	2016	7	29	4	74	SL1331	B	31	3	
30798	3	2016	7	29	4	41	SL1241	A	41	3	
30799	4	2016	7	29	4	32	SL1232	A	32	3	
30800	4	2016	7	29	4	18	SL1218	A	18	3	
30801	1	2016	7	29	6	49	SL1306	B	6	4	
30802	1	2016	7	29	6	81	SL1338	B	38	4	
30803	2	2016	7	29	6	64	SL1321	B	21	4	
30804	2	2016	7	29	6	37	SL1237	A	37	4	
30805	3	2016	7	29	6	12	SL1212	A	12	3	
30806	3	2016	7	29	6	21	SL1221	A	21	3	
30807	4	2016	7	29	6	48	SL1305	B	5	3	
30808	4	2016	7	29	6	76	SL1333	B	33	3	
30809	1	2016	7	29	8	67	SL1324	B	24	4	
30810	1	2016	7	29	8	70	SL1327	B	27	4	
30811	2	2016	7	29	8	7	SL1207	A	7	4	
30812	2	2016	7	29	8	55	SL1312	B	12	4	
30813	3	2016	7	29	8	1	SL1201	A	1	3	
30814	3	2016	7	29	8	36	SL1236	A	36	3	
30815	4	2016	7	29	8	9	SL1209	A	9	3	
30816	4	2016	7	29	8	86	HP-b	B	43	3	
30817	1	2016	8	4	10	68	SL1325	B	25	4	SL1325
30818	1	2016	8	4	10	58	SL1315	B	15	4	SL1315
30819	2	2016	8	4	10	73	SL1330	B	30	4	SL1330
30820	2	2016	8	4	10	11	SL1211	A	11	4	SL1211
30821	3	2016	8	4	10	78	SL1335	B	35	3	SL1335
30822	3	2016	8	4	10	49	SL1306	B	6	3	SL1308
30823	4	2016	8	4	10	51	SL1308	B	8	3	SL1308
30824	4	2016	8	4	10	63	SL1320	B	20	3	SL1320
30825	1	2016	8	4	12	8	SL1208	A	8	4	SL1208
30826	1	2016	8	4	12	4	SL1204	A	4	4	SL1204
30827	2	2016	8	4	12	45	SL1302	B	2	4	SL1302
30828	2	2016	8	4	12	25	SL1225	A	25	4	SL1225
30829	3	2016	8	4	12	50	SL1307	B	7	3	SL1307
30830	3	2016	8	4	12	38	SL1238	A	38	3	SL1238
30831	4	2016	8	4	12	6	SL1206	A	6	3	SL1206
30832	4	2016	8	4	12	81	SL1338	B	38	3	SL1338
30833	1	2016	8	4	14	18	SL1218	A	18	4	SL1218
30834	1	2016	8	4	14	60	SL1317	B	17	4	SL1317
30835	2	2016	8	4	14	84	Takanari	B	41	4	Takanari
30836	2	2016	8	4	14	39	SL1239	A	39	4	SL1305
30837	3	2016	8	4	14	55	SL1312	B	12	4	SL1312
30838	3	2016	8	4	14	69	SL1326	B	26	4	SL1326
30839	4	2016	8	4	14	30	SL1230	A	30	4	Unpredictable
30840	4	2016	8	4	14	70	SL1327	B	27	4	SL1327
30841	1	2016	8	4	16	78	SL1335	B	35	4	SL1335
30842	1	2016	8	4	16	40	SL1240	A	40	4	SL1240
30843	2	2016	8	4	16	85	HP-a	B	42	4	
30844	2	2016	8	4	16	4	SL1204	A	4	4	SL1204
30845	3	2016	8	4	16	9	SL1209	A	9	4	SL1209
30846	3	2016	8	4	16	58	SL1315	B	15	4	SL1315
30847	4	2016	8	4	16	79	SL1336	B	36	4	SL1336
30848	4	2016	8	4	16	40	SL1240	A	40	4	SL1240
30849	1	2016	8	4	18	41	SL1241	A	41	4	Unpredictable
30850	1	2016	8	4	18	34	SL1234	A	34	4	SL1234
30851	2	2016	8	4	18	68	SL1325	B	25	4	SL1325
30852	2	2016	8	4	18	52	SL1309	B	9	4	Takanari
30853	3	2016	8	4	18	46	SL1303	B	3	4	SL1303
30854	3	2016	8	4	18	54	SL1311	B	11	4	SL1311
30855	4	2016	8	4	18	83	Koshihikari	B	40	4	SL1339
30856	4	2016	8	4	18	18	SL1218	A	18	4	SL1218
30857	1	2016	8	4	20	12	SL1212	A	12	4	SL1212
30858	1	2016	8	4	20	21	SL1221	A	21	4	Koshihikari
30859	2	2016	8	4	20	42	Koshihikari	A	42	4	Koshihikari
30860	2	2016	8	4	20	77	SL1334	B	34	4	SL1334
30861	3	2016	8	4	20	78	SL1335	B	35	4	SL1335
30862	3	2016	8	4	20	74	SL1331	B	31	4	SL1331
30863	4	2016	8	4	20	15	SL1215	A	15	4	SL1215
30864	4	2016	8	4	20	38	SL1238	A	38	4	SL1238
30865	1	2016	8	4	22	50	SL1307	B	7	4	SL1307
30866	1	2016	8	4	22	55	SL1312	B	12	4	SL1312
30867	2	2016	8	4	22	17	SL1217	A	17	4	SL1217
30868	2	2016	8	4	22	32	SL1232	A	32	4	Unpredictable
30869	3	2016	8	4	22	47	SL1304	B	4	4	SL1304
30870	3	2016	8	4	22	26	SL1226	A	26	4	SL1226
30871	4	2016	8	4	22	73	SL1330	B	30	4	SL1330
30872	4	2016	8	4	22	33	SL1233	A	33	4	SL1233
30873	1	2016	8	5	0	61	SL1318	B	18	4	SL1318
30874	1	2016	8	5	0	83	Koshihikari	B	40	4	Koshihikari
30875	2	2016	8	5	0	43	Takanari	A	43	4	Takanari
30876	2	2016	8	5	0	51	SL1308	B	8	4	SL1308
30877	3	2016	8	5	0	39	SL1239	A	39	4	SL1239
30878	3	2016	8	5	0	38	SL1238	A	38	4	SL1238
30879	4	2016	8	5	0	26	SL1226	A	26	4	SL1226
30880	4	2016	8	5	0	74	SL1331	B	31	4	SL1331
30881	1	2016	8	5	2	46	SL1303	B	3	4	SL1303
30882	1	2016	8	5	2	48	SL1305	B	5	4	SL1305
30883	2	2016	8	5	2	36	SL1236	A	36	4	SL1236
30884	2	2016	8	5	2	53	SL1310	B	10	4	SL1310
30885	3	2016	8	5	2	42	Koshihikari	A	42	4	SL1310
30886	3	2016	8	5	2	61	SL1318	B	18	4	SL1318
30887	4	2016	8	5	2	65	SL1322	B	22	4	SL1322
30888	4	2016	8	5	2	35	SL1235	A	35	4	SL1235
30889	1	2016	8	5	4	47	SL1304	B	4	5	SL1304
30890	1	2016	8	5	4	44	SL1301	B	1	5	Takanari
30891	2	2016	8	5	4	9	SL1209	A	9	5	SL1236
30892	2	2016	8	5	4	75	SL1332	B	32	5	SL1332
30893	3	2016	8	5	4	86	HP-b	B	43	4	
30894	3	2016	8	5	4	16	SL1216	A	16	4	SL1216
30895	4	2016	8	5	4	27	SL1227	A	27	4	SL1227
30896	4	2016	8	5	4	12	SL1212	A	12	4	SL1212
30897	1	2016	8	5	6	82	SL1339	B	39	5	SL1339
30898	1	2016	8	5	6	78	SL1335	B	35	5	SL1335
30899	2	2016	8	5	6	80	SL1337	B	37	5	SL1337
30900	2	2016	8	5	6	48	SL1305	B	5	5	SL1305
30901	3	2016	8	5	6	8	SL1208	A	8	4	SL1208
30902	3	2016	8	5	6	57	SL1314	B	14	4	SL1314
30903	4	2016	8	5	6	16	SL1216	A	16	4	SL1216
30904	4	2016	8	5	6	52	SL1309	B	9	4	Takanari
30905	1	2016	8	5	8	30	SL1230	A	30	5	SL1230
30906	1	2016	8	5	8	66	SL1323	B	23	5	SL1323
30907	2	2016	8	5	8	61	SL1318	B	18	5	SL1318
30908	2	2016	8	5	8	59	SL1316	B	16	5	SL1316
30909	3	2016	8	5	8	24	SL1224	A	24	4	SL1224
30910	3	2016	8	5	8	5	SL1205	A	5	4	SL1205
30911	4	2016	8	5	8	46	SL1303	B	3	4	SL1303
30912	4	2016	8	5	8	84	Takanari	B	41	4	Takanari
30913	1	2016	8	11	10	11	SL1211	A	11	5	SL1211
30914	1	2016	8	11	10	74	SL1331	B	31	5	SL1331
30915	2	2016	8	11	10	19	SL1219	A	19	5	SL1219
30916	2	2016	8	11	10	50	SL1307	B	7	5	SL1307
30917	3	2016	8	11	10	2	SL1202	A	2	4	SL1202
30918	3	2016	8	11	10	65	SL1322	B	22	4	SL1205
30919	4	2016	8	11	10	14	SL1214	A	14	4	SL1214
30920	4	2016	8	11	10	66	SL1323	B	23	4	Takanari
30921	1	2016	8	11	12	33	SL1233	A	33	5	SL1233
30922	1	2016	8	11	12	21	SL1221	A	21	5	Koshihikari
30923	2	2016	8	11	12	47	SL1304	B	4	5	SL1304
30924	2	2016	8	11	12	16	SL1216	A	16	5	SL1216
30925	3	2016	8	11	12	84	Takanari	B	41	4	Takanari
30926	3	2016	8	11	12	32	SL1232	A	32	4	SL1232
30927	4	2016	8	11	12	19	SL1219	A	19	4	SL1219
30928	4	2016	8	11	12	80	SL1337	B	37	4	SL1337
30929	1	2016	8	11	14	84	Takanari	B	41	5	Takanari
30930	1	2016	8	11	14	15	SL1215	A	15	5	SL1215
30931	2	2016	8	11	14	53	SL1310	B	10	5	SL1310
30932	2	2016	8	11	14	31	SL1231	A	31	5	SL1231
30933	3	2016	8	11	14	70	SL1327	B	27	4	SL1327
30934	3	2016	8	11	14	64	SL1321	B	21	4	SL1321
30935	4	2016	8	11	14	36	SL1236	A	36	4	SL1236
30936	4	2016	8	11	14	60	SL1317	B	17	4	SL1317
30937	1	2016	8	11	16	64	SL1321	B	21	5	SL1321
30938	1	2016	8	11	16	40	SL1240	A	40	5	SL1240
30939	2	2016	8	11	16	82	SL1339	B	39	5	SL1339
30940	2	2016	8	11	16	24	SL1224	A	24	5	SL1224
30941	3	2016	8	11	16	50	SL1307	B	7	4	SL1307
30942	3	2016	8	11	16	52	SL1309	B	9	4	Takanari
30943	4	2016	8	11	16	34	SL1234	A	34	4	SL1234
30944	4	2016	8	11	16	22	SL1222	A	22	4	SL1222
30945	1	2016	8	11	18	18	SL1218	A	18	5	SL1218
30946	1	2016	8	11	18	9	SL1209	A	9	5	SL1209
30947	2	2016	8	11	18	37	SL1237	A	37	5	SL1237
30948	2	2016	8	11	18	40	SL1240	A	40	5	SL1240
30949	3	2016	8	11	18	6	SL1206	A	6	4	SL1206
30950	3	2016	8	11	18	44	SL1301	B	1	4	SL1301
30951	4	2016	8	11	18	25	SL1225	A	25	4	SL1225
30952	4	2016	8	11	18	24	SL1224	A	24	4	SL1224
30953	1	2016	8	11	20	52	SL1309	B	9	5	Takanari
30954	1	2016	8	11	20	43	Takanari	A	43	5	Takanari
30955	2	2016	8	11	20	29	SL1229	A	29	5	SL1229
30956	2	2016	8	11	20	73	SL1330	B	30	5	SL1330
30957	3	2016	8	11	20	11	SL1211	A	11	4	SL1236
30958	3	2016	8	11	20	83	Koshihikari	B	40	4	SL1241
30959	4	2016	8	11	20	64	SL1321	B	21	4	SL1321
30960	4	2016	8	11	20	62	SL1319	B	19	4	SL1319
30961	1	2016	8	11	22	75	SL1332	B	32	5	SL1223
30962	1	2016	8	11	22	27	SL1227	A	27	5	SL1227
30963	2	2016	8	11	22	79	SL1336	B	36	5	SL1336
30964	2	2016	8	11	22	17	SL1217	A	17	5	SL1217
30965	3	2016	8	11	22	23	SL1223	A	23	4	SL1332
30966	3	2016	8	11	22	27	SL1227	A	27	4	SL1227
30967	4	2016	8	11	22	2	SL1202	A	2	4	SL1202
30968	4	2016	8	11	22	51	SL1308	B	8	4	SL1308
30969	1	2016	8	12	0	77	SL1334	B	34	5	SL1334
30970	1	2016	8	12	0	73	SL1330	B	30	5	SL1330
30971	2	2016	8	12	0	57	SL1314	B	14	5	SL1325
30972	2	2016	8	12	0	68	SL1325	B	25	5	SL1314
30973	3	2016	8	12	0	22	SL1222	A	22	4	SL1222
30974	3	2016	8	12	0	82	SL1339	B	39	4	SL1338
30975	4	2016	8	12	0	11	SL1211	A	11	4	Koshihikari
30976	4	2016	8	12	0	55	SL1312	B	12	4	SL1312
30977	1	2016	8	12	2	7	SL1207	A	7	5	SL1207
30978	1	2016	8	12	2	6	SL1206	A	6	5	SL1206
30979	2	2016	8	12	2	55	SL1312	B	12	5	SL1312
30980	2	2016	8	12	2	44	SL1301	B	1	5	SL1301
30981	3	2016	8	12	2	36	SL1236	A	36	4	SL1236
30982	3	2016	8	12	2	28	SL1228	A	28	4	SL1228
30983	4	2016	8	12	2	10	SL1210	A	10	4	SL1210
30984	4	2016	8	12	2	71	SL1328	B	28	4	SL1329
30985	1	2016	8	12	4	71	SL1328	B	28	5	SL1328
30986	1	2016	8	12	4	1	SL1201	A	1	5	SL1201
30987	2	2016	8	12	4	18	SL1218	A	18	5	SL1218
30988	2	2016	8	12	4	23	SL1223	A	23	5	SL1223
30989	3	2016	8	12	4	21	SL1221	A	21	4	Koshihikari
30990	3	2016	8	12	4	15	SL1215	A	15	4	Koshihikari
30991	4	2016	8	12	4	81	SL1338	B	38	4	SL1338
30992	4	2016	8	12	4	7	SL1207	A	7	4	SL1207
30993	1	2016	8	12	6	10	SL1210	A	10	5	SL1210
30994	1	2016	8	12	6	63	SL1320	B	20	5	SL1320
30995	2	2016	8	12	6	21	SL1221	A	21	5	Koshihikari
30996	2	2016	8	12	6	13	SL1213	A	13	5	SL1210
30997	3	2016	8	12	6	10	SL1210	A	10	4	SL1210
30998	3	2016	8	12	6	19	SL1219	A	19	4	SL1219
30999	4	2016	8	12	6	8	SL1208	A	8	4	SL1208
31000	4	2016	8	12	6	21	SL1221	A	21	4	Koshihikari
31001	1	2016	8	12	8	76	SL1333	B	33	5	SL1333
31002	1	2016	8	12	8	13	SL1213	A	13	5	SL1210
31003	2	2016	8	12	8	42	Koshihikari	A	42	5	Koshihikari
31004	2	2016	8	12	8	41	SL1241	A	41	5	SL1241
31005	3	2016	8	12	8	14	SL1214	A	14	4	SL1214
31006	3	2016	8	12	8	43	Takanari	A	43	4	Takanari
31007	4	2016	8	12	8	53	SL1310	B	10	4	SL1310
31008	4	2016	8	12	8	76	SL1333	B	33	4	SL1333
31009	1	2016	8	25	10	36	SL1236	A	36	5	SL1236
31010	1	2016	8	25	10	3	SL1203	A	3	5	SL1202
31011	2	2016	8	25	10	76	SL1333	B	33	5	Unpredictable
31012	2	2016	8	25	10	86	HP-b	B	43	5	
31013	3	2016	8	25	10	37	SL1237	A	37	4	SL1237
31014	3	2016	8	25	10	62	SL1319	B	19	4	SL1319
31015	4	2016	8	25	10	43	Takanari	A	43	4	Takanari
31016	4	2016	8	25	10	31	SL1231	A	31	4	SL1231
31017	1	2016	8	25	12	83	Koshihikari	B	40	5	Koshihikari
31018	1	2016	8	25	12	79	SL1336	B	36	5	SL1336
31019	2	2016	8	25	12	5	SL1205	A	5	5	SL1205
31020	2	2016	8	25	12	66	SL1323	B	23	5	SL1322
31021	3	2016	8	25	12	53	SL1310	B	10	4	SL1310
31022	3	2016	8	25	12	33	SL1233	A	33	4	SL1233
31023	4	2016	8	25	12	68	SL1325	B	25	4	SL1325
31024	4	2016	8	25	12	77	SL1334	B	34	4	SL1334
31025	1	2016	8	25	14	12	SL1212	A	12	5	SL1212
31026	1	2016	8	25	14	61	SL1318	B	18	5	SL1318
31027	2	2016	8	25	14	22	SL1222	A	22	5	SL1319
31028	2	2016	8	25	14	43	Takanari	A	43	5	Unpredictable
31029	3	2016	8	25	14	45	SL1302	B	2	4	SL1302
31030	3	2016	8	25	14	71	SL1328	B	28	4	SL1328
31031	4	2016	8	25	14	47	SL1304	B	4	4	SL1304
31032	4	2016	8	25	14	59	SL1316	B	16	4	SL1316
31033	1	2016	8	25	16	35	SL1235	A	35	5	SL1235
31034	1	2016	8	25	16	23	SL1223	A	23	5	SL1223
31035	2	2016	8	25	16	62	SL1319	B	19	5	SL1319
31036	2	2016	8	25	16	30	SL1230	A	30	5	SL1230
31037	3	2016	8	25	16	13	SL1213	A	13	4	SL1210
31038	3	2016	8	25	16	20	SL1220	A	20	4	SL1220
31039	4	2016	8	25	16	72	SL1329	B	29	4	SL1329
31040	4	2016	8	25	16	9	SL1209	A	9	4	SL1209
31041	1	2016	8	25	18	50	SL1307	B	7	5	SL1307
31042	1	2016	8	25	18	42	Koshihikari	A	42	5	Koshihikari
31043	2	2016	8	25	18	11	SL1211	A	11	5	SL1210
31044	2	2016	8	25	18	71	SL1328	B	28	5	Unpredictable
31045	3	2016	8	25	18	77	SL1334	B	34	4	Unpredictable
31046	3	2016	8	25	18	67	SL1324	B	24	4	SL1324
31047	4	2016	8	25	18	17	SL1217	A	17	4	SL1217
31048	4	2016	8	25	18	6	SL1206	A	6	4	SL1206
31049	1	2016	8	25	20	72	SL1329	B	29	5	SL1329
31050	1	2016	8	25	20	14	SL1214	A	14	5	SL1214
31051	2	2016	8	25	20	85	HP-a	B	42	5	
31052	2	2016	8	25	20	69	SL1326	B	26	5	SL1317
31053	3	2016	8	25	20	31	SL1231	A	31	4	SL1231
31054	3	2016	8	25	20	1	SL1201	A	1	4	SL1201
31055	4	2016	8	25	20	42	Koshihikari	A	42	4	Koshihikari
31056	4	2016	8	25	20	28	SL1228	A	28	4	Unpredictable
31057	1	2016	8	25	22	19	SL1219	A	19	5	SL1219
31058	1	2016	8	25	22	80	SL1337	B	37	5	SL1337
31059	2	2016	8	25	22	36	SL1236	A	36	5	SL1236
31060	2	2016	8	25	22	77	SL1334	B	34	5	SL1334
31061	3	2016	8	25	22	12	SL1212	A	12	4	SL1212
31062	3	2016	8	25	22	79	SL1336	B	36	4	SL1336
31063	4	2016	8	25	22	57	SL1314	B	14	4	SL1314
31064	4	2016	8	25	22	78	SL1335	B	35	4	SL1335
31065	1	2016	8	26	0	51	SL1308	B	8	5	SL1308
31066	1	2016	8	26	0	60	SL1317	B	17	5	SL1316
31067	2	2016	8	26	0	70	SL1327	B	27	5	SL1327
31068	2	2016	8	26	0	60	SL1317	B	17	5	SL1317
31069	3	2016	8	26	0	51	SL1308	B	8	4	SL1308
31070	3	2016	8	26	0	25	SL1225	A	25	4	SL1225
31071	4	2016	8	26	0	86	HP-b	B	43	4	
31072	4	2016	8	26	0	3	SL1203	A	3	4	SL1234
31073	1	2016	8	26	2	48	SL1305	B	5	5	SL1304
31074	1	2016	8	26	2	41	SL1241	A	41	5	SL1241
31075	2	2016	8	26	2	3	SL1203	A	3	5	SL1203
31076	2	2016	8	26	2	39	SL1239	A	39	5	SL1239
31077	3	2016	8	26	2	56	SL1313	B	13	4	SL1313
31078	3	2016	8	26	2	49	SL1306	B	6	4	SL1225
31079	4	2016	8	26	2	45	SL1302	B	2	4	SL1302
31080	4	2016	8	26	2	49	SL1306	B	6	4	SL1305
31081	1	2016	8	26	4	59	SL1316	B	16	5	SL1316
31082	1	2016	8	26	4	16	SL1216	A	16	5	SL1216
31083	2	2016	8	26	4	25	SL1225	A	25	5	SL1225
31084	2	2016	8	26	4	84	Takanari	B	41	5	Takanari
31085	3	2016	8	26	4	75	SL1332	B	32	4	SL1332
31086	3	2016	8	26	4	34	SL1234	A	34	4	SL1235
31087	4	2016	8	26	4	67	SL1324	B	24	4	SL1324
31088	4	2016	8	26	4	75	SL1332	B	32	4	SL1332
31089	1	2016	8	26	6	20	SL1220	A	20	5	SL1230
31090	1	2016	8	26	6	67	SL1324	B	24	5	SL1323
31091	2	2016	8	26	6	78	SL1335	B	35	5	SL1335
31092	2	2016	8	26	6	34	SL1234	A	34	5	SL1234
31093	3	2016	8	26	6	40	SL1240	A	40	4	SL1240
31094	3	2016	8	26	6	18	SL1218	A	18	4	SL1218
31095	4	2016	8	26	6	4	SL1204	A	4	4	SL1204
31096	4	2016	8	26	6	56	SL1313	B	13	4	SL1313
31097	1	2016	8	26	8	69	SL1326	B	26	5	SL1326
31098	1	2016	8	26	8	49	SL1306	B	6	5	SL1308
31099	2	2016	8	26	8	65	SL1322	B	22	5	SL1322
31100	2	2016	8	26	8	33	SL1233	A	33	5	SL1233
31101	3	2016	8	26	8	66	SL1323	B	23	4	Takanari
31102	3	2016	8	26	8	3	SL1203	A	3	4	SL1203
31103	4	2016	8	26	8	61	SL1318	B	18	4	SL1318
31104	4	2016	8	26	8	58	SL1315	B	15	4	SL1315
31105	1	2016	9	1	10	68	SL1325	B	25	5	
31106	1	2016	9	1	10	65	SL1322	B	22	5	
31107	2	2016	9	1	10	81	SL1338	B	38	5	
31108	2	2016	9	1	10	32	SL1232	A	32	5	
31109	3	2016	9	1	10	68	SL1325	B	25	4	
31110	3	2016	9	1	10	30	SL1230	A	30	4	
31111	4	2016	9	1	10	23	SL1223	A	23	4	
31112	4	2016	9	1	10	50	SL1307	B	7	4	
31113	1	2016	9	1	12	24	SL1224	A	24	5	
31114	1	2016	9	1	12	37	SL1237	A	37	5	
31115	2	2016	9	1	12	49	SL1306	B	6	5	
31116	2	2016	9	1	12	38	SL1238	A	38	5	
31117	3	2016	9	1	12	72	SL1329	B	29	4	
31118	3	2016	9	1	12	35	SL1235	A	35	4	
31119	4	2016	9	1	12	39	SL1239	A	39	4	
31120	4	2016	9	1	12	85	HP-a	B	42	4	
31121	1	2016	9	1	14	5	SL1205	A	5	5	
31122	1	2016	9	1	14	53	SL1310	B	10	5	
31123	2	2016	9	1	14	12	SL1212	A	12	5	
31124	2	2016	9	1	14	4	SL1204	A	4	5	
31125	3	2016	9	1	14	63	SL1320	B	20	4	
31126	3	2016	9	1	14	80	SL1337	B	37	4	
31127	4	2016	9	1	14	20	SL1220	A	20	4	
31128	4	2016	9	1	14	29	SL1229	A	29	4	
31129	1	2016	9	1	16	56	SL1313	B	13	5	
31130	1	2016	9	1	16	26	SL1226	A	26	5	
31131	2	2016	9	1	16	52	SL1309	B	9	5	
31132	2	2016	9	1	16	54	SL1311	B	11	5	
31133	3	2016	9	1	16	29	SL1229	A	29	4	
31134	3	2016	9	1	16	17	SL1217	A	17	4	
31135	4	2016	9	1	16	1	SL1201	A	1	4	
31136	4	2016	9	1	16	69	SL1326	B	26	4	
31137	1	2016	9	1	18	58	SL1315	B	15	5	
31138	1	2016	9	1	18	62	SL1319	B	19	5	
31139	2	2016	9	1	18	28	SL1228	A	28	5	
31140	2	2016	9	1	18	67	SL1324	B	24	5	
31141	3	2016	9	1	18	73	SL1330	B	30	4	
31142	3	2016	9	1	18	76	SL1333	B	33	4	
31143	4	2016	9	1	18	41	SL1241	A	41	4	
31144	4	2016	9	1	18	63	SL1320	B	20	4	
31145	1	2016	9	1	20	2	SL1202	A	2	5	
31146	1	2016	9	1	20	28	SL1228	A	28	5	
31147	2	2016	9	1	20	56	SL1313	B	13	5	
31148	2	2016	9	1	20	2	SL1202	A	2	5	
31149	3	2016	9	1	20	59	SL1316	B	16	4	
31150	3	2016	9	1	20	60	SL1317	B	17	4	
31151	4	2016	9	1	20	54	SL1311	B	11	4	
31152	4	2016	9	1	20	82	SL1339	B	39	4	
31153	1	2016	9	1	22	4	SL1204	A	4	5	
31154	1	2016	9	1	22	38	SL1238	A	38	5	
31155	2	2016	9	1	22	15	SL1215	A	15	5	
31156	2	2016	9	1	22	8	SL1208	A	8	5	
31157	3	2016	9	1	22	41	SL1241	A	41	4	
31158	3	2016	9	1	22	4	SL1204	A	4	4	
31159	4	2016	9	1	22	32	SL1232	A	32	4	
31160	4	2016	9	1	22	37	SL1237	A	37	4	
31161	1	2016	9	2	0	22	SL1222	A	22	5	
31162	1	2016	9	2	0	86	HP-b	B	43	5	
31163	2	2016	9	2	0	20	SL1220	A	20	5	
31164	2	2016	9	2	0	58	SL1315	B	15	5	
31165	3	2016	9	2	0	81	SL1338	B	38	4	
31166	3	2016	9	2	0	85	HP-a	B	42	4	
31167	4	2016	9	2	0	48	SL1305	B	5	4	
31168	4	2016	9	2	0	13	SL1213	A	13	4	
31169	1	2016	9	2	2	55	SL1312	B	12	5	
31170	1	2016	9	2	2	17	SL1217	A	17	5	
31171	2	2016	9	2	2	6	SL1206	A	6	5	
31172	2	2016	9	2	2	46	SL1303	B	3	5	
31173	3	2016	9	2	2	48	SL1305	B	5	4	
31174	3	2016	9	2	2	7	SL1207	A	7	4	
31175	4	2016	9	2	2	5	SL1205	A	5	4	
31176	4	2016	9	2	2	44	SL1301	B	1	4	
31177	1	2016	9	2	4	25	SL1225	A	25	5	
31178	1	2016	9	2	4	45	SL1302	B	2	5	
31179	2	2016	9	2	4	26	SL1226	A	26	5	
31180	2	2016	9	2	4	63	SL1320	B	20	5	
31181	3	2016	9	2	4	44	SL1301	B	1	5	
31182	3	2016	9	2	4	54	SL1311	B	11	5	
31183	4	2016	9	2	4	14	SL1214	A	14	5	
31184	4	2016	9	2	4	74	SL1331	B	31	5	
31185	1	2016	9	2	6	39	SL1239	A	39	5	
31186	1	2016	9	2	6	29	SL1229	A	29	5	
31187	2	2016	9	2	6	64	SL1321	B	21	5	
31188	2	2016	9	2	6	72	SL1329	B	29	5	
31189	3	2016	9	2	6	3	SL1203	A	3	5	
31190	3	2016	9	2	6	35	SL1235	A	35	5	
31191	4	2016	9	2	6	86	HP-b	B	43	5	
31192	4	2016	9	2	6	72	SL1329	B	29	5	
31193	1	2016	9	2	8	70	SL1327	B	27	5	
31194	1	2016	9	2	8	57	SL1314	B	14	5	
31195	2	2016	9	2	8	83	Koshihikari	B	40	5	
31196	2	2016	9	2	8	14	SL1214	A	14	5	
31197	3	2016	9	2	8	30	SL1230	A	30	5	
31198	3	2016	9	2	8	20	SL1220	A	20	5	
31199	4	2016	9	2	8	73	SL1330	B	30	5	
31200	4	2016	9	2	8	17	SL1217	A	17	5	
31201	1	2016	9	8	10	46	SL1303	B	3	5	
31202	1	2016	9	8	10	8	SL1208	A	8	5	
31203	2	2016	9	8	10	45	SL1302	B	2	5	
31204	2	2016	9	8	10	27	SL1227	A	27	5	
31205	3	2016	9	8	10	38	SL1238	A	38	5	
31206	3	2016	9	8	10	49	SL1306	B	6	5	
31207	4	2016	9	8	10	80	SL1337	B	37	5	
31208	4	2016	9	8	10	3	SL1203	A	3	5	
31209	1	2016	9	8	12	34	SL1234	A	34	5	
31210	1	2016	9	8	12	31	SL1231	A	31	5	
31211	2	2016	9	8	12	35	SL1235	A	35	5	
31212	2	2016	9	8	12	1	SL1201	A	1	5	
31213	3	2016	9	8	12	37	SL1237	A	37	5	
31214	3	2016	9	8	12	29	SL1229	A	29	5	
31215	4	2016	9	8	12	85	HP-a	B	42	5	
31216	4	2016	9	8	12	79	SL1336	B	36	5	
31217	1	2016	9	8	14	81	SL1338	B	38	5	
31218	1	2016	9	8	14	32	SL1232	A	32	5	
31219	2	2016	9	8	14	10	SL1210	A	10	5	
31220	2	2016	9	8	14	7	SL1207	A	7	5	
31221	3	2016	9	8	14	82	SL1339	B	39	5	
31222	3	2016	9	8	14	77	SL1334	B	34	5	
31223	4	2016	9	8	14	45	SL1302	B	2	5	
31224	4	2016	9	8	14	44	SL1301	B	1	5	
31225	1	2016	9	8	16	54	SL1311	B	11	5	
31226	1	2016	9	8	16	85	HP-a	B	42	5	
31227	2	2016	9	8	16	51	SL1308	B	8	5	
31228	2	2016	9	8	16	74	SL1331	B	31	5	
31229	3	2016	9	8	16	86	HP-b	B	43	5	
31230	3	2016	9	8	16	7	SL1207	A	7	5	
31231	4	2016	9	8	16	70	SL1327	B	27	5	
31232	4	2016	9	8	16	33	SL1233	A	33	5	
31233	1	2016	9	8	18	24	SL1224	A	24	1	
31234	1	2016	9	8	18	63	SL1320	B	20	1	
31235	2	2016	9	8	18	80	SL1337	B	37	1	
31236	2	2016	9	8	18	62	SL1319	B	19	1	
31237	3	2016	9	8	18	45	SL1302	B	2	5	
31238	3	2016	9	8	18	16	SL1216	A	16	5	
31239	4	2016	9	8	18	57	SL1314	B	14	5	
31240	4	2016	9	8	18	71	SL1328	B	28	5	
31241	1	2016	9	8	20	35	SL1235	A	35	1	
31242	1	2016	9	8	20	58	SL1315	B	15	1	
31243	2	2016	9	8	20	5	SL1205	A	5	1	
31244	2	2016	9	8	20	56	SL1313	B	13	1	
31245	3	2016	9	8	20	75	SL1332	B	32	5	
31246	3	2016	9	8	20	13	SL1213	A	13	5	
31247	4	2016	9	8	20	27	SL1227	A	27	5	
31248	4	2016	9	8	20	12	SL1212	A	12	5	
31249	1	2016	9	8	22	41	SL1241	A	41	1	
31250	1	2016	9	8	22	32	SL1232	A	32	1	
31251	2	2016	9	8	22	68	SL1325	B	25	1	
31252	2	2016	9	8	22	52	SL1309	B	9	1	
31253	3	2016	9	8	22	15	SL1215	A	15	5	
31254	3	2016	9	8	22	8	SL1208	A	8	5	
31255	4	2016	9	8	22	4	SL1204	A	4	5	
31256	4	2016	9	8	22	38	SL1238	A	38	5	
31257	1	2016	9	9	0	37	SL1237	A	37	1	
31258	1	2016	9	9	0	28	SL1228	A	28	1	
31259	2	2016	9	9	0	25	SL1225	A	25	1	
31260	2	2016	9	9	0	37	SL1237	A	37	1	
31261	3	2016	9	9	0	34	SL1234	A	34	5	
31262	3	2016	9	9	0	27	SL1227	A	27	5	
31263	4	2016	9	9	0	49	SL1306	B	6	5	
31264	4	2016	9	9	0	64	SL1321	B	21	5	
31265	1	2016	9	9	2	45	SL1302	B	2	1	
31266	1	2016	9	9	2	53	SL1310	B	10	1	
31267	2	2016	9	9	2	82	SL1339	B	39	1	
31268	2	2016	9	9	2	50	SL1307	B	7	1	
31269	3	2016	9	9	2	2	SL1202	A	2	5	
31270	3	2016	9	9	2	41	SL1241	A	41	5	
31271	4	2016	9	9	2	84	Takanari	B	41	5	
31272	4	2016	9	9	2	52	SL1309	B	9	5	
31273	1	2016	9	9	4	55	SL1312	B	12	1	
31274	1	2016	9	9	4	2	SL1202	A	2	1	
31275	2	2016	9	9	4	23	SL1223	A	23	1	
31276	2	2016	9	9	4	22	SL1222	A	22	1	
31277	3	2016	9	9	4	28	SL1228	A	28	5	
31278	3	2016	9	9	4	12	SL1212	A	12	5	
31279	4	2016	9	9	4	5	SL1205	A	5	5	
31280	4	2016	9	9	4	8	SL1208	A	8	5	
31281	1	2016	9	9	6	84	Takanari	B	41	1	
31282	1	2016	9	9	6	26	SL1226	A	26	1	
31283	2	2016	9	9	6	38	SL1238	A	38	1	
31284	2	2016	9	9	6	47	SL1304	B	4	1	
31285	3	2016	9	9	6	11	SL1211	A	11	5	
31286	3	2016	9	9	6	24	SL1224	A	24	5	
31287	4	2016	9	9	6	60	SL1317	B	17	5	
31288	4	2016	9	9	6	50	SL1307	B	7	5	
31289	1	2016	9	9	8	49	SL1306	B	6	1	
31290	1	2016	9	9	8	71	SL1328	B	28	1	
31291	2	2016	9	9	8	43	Takanari	A	43	1	
31292	2	2016	9	9	8	86	HP-b	B	43	1	
31293	3	2016	9	9	8	5	SL1205	A	5	5	
31294	3	2016	9	9	8	32	SL1232	A	32	5	
31295	4	2016	9	9	8	63	SL1320	B	20	5	
31296	4	2016	9	9	8	75	SL1332	B	32	5	
31297	3	2016	9	15	10	68	SL1325	B	25	5	
31298	3	2016	9	15	10	69	SL1326	B	26	5	
31299	4	2016	9	15	10	18	SL1218	A	18	5	
31300	4	2016	9	15	10	78	SL1335	B	35	5	
31301	3	2016	9	15	12	78	SL1335	B	35	5	
31302	3	2016	9	15	12	66	SL1323	B	23	5	
31303	4	2016	9	15	12	76	SL1333	B	33	5	
31304	4	2016	9	15	12	43	Takanari	A	43	5	
31305	3	2016	9	15	14	1	SL1201	A	1	5	
31306	3	2016	9	15	14	6	SL1206	A	6	5	
31307	4	2016	9	15	14	13	SL1213	A	13	5	
31308	4	2016	9	15	14	55	SL1312	B	12	5	
31309	3	2016	9	15	16	73	SL1330	B	30	5	
31310	3	2016	9	15	16	76	SL1333	B	33	5	
31311	4	2016	9	15	16	48	SL1305	B	5	5	
31312	4	2016	9	15	16	47	SL1304	B	4	5	
31313	3	2016	9	15	18	43	Takanari	A	43	5	
31314	3	2016	9	15	18	4	SL1204	A	4	5	
31315	4	2016	9	15	18	19	SL1219	A	19	5	
31316	4	2016	9	15	18	40	SL1240	A	40	5	
31317	3	2016	9	15	20	84	Takanari	B	41	5	
31318	3	2016	9	15	20	79	SL1336	B	36	5	
31319	4	2016	9	15	20	7	SL1207	A	7	5	
31320	4	2016	9	15	20	54	SL1311	B	11	5	
31321	3	2016	9	15	22	83	Koshihikari	B	40	5	
31322	3	2016	9	15	22	56	SL1313	B	13	5	
31323	4	2016	9	15	22	29	SL1229	A	29	5	
31324	4	2016	9	15	22	1	SL1201	A	1	5	
31325	3	2016	9	16	0	80	SL1337	B	37	5	
31326	3	2016	9	16	0	10	SL1210	A	10	5	
31327	4	2016	9	16	0	16	SL1216	A	16	5	
31328	4	2016	9	16	0	9	SL1209	A	9	5	
31329	3	2016	9	16	2	39	SL1239	A	39	5	
31330	3	2016	9	16	2	70	SL1327	B	27	5	
31331	4	2016	9	16	2	36	SL1236	A	36	5	
31332	4	2016	9	16	2	24	SL1224	A	24	5	
31333	3	2016	9	16	4	59	SL1316	B	16	5	
31334	3	2016	9	16	4	33	SL1233	A	33	5	
31335	4	2016	9	16	4	42	Koshihikari	A	42	5	
31336	4	2016	9	16	4	83	Koshihikari	B	40	5	
31337	3	2016	9	16	6	14	SL1214	A	14	5	
31338	3	2016	9	16	6	48	SL1305	B	5	5	
31339	4	2016	9	16	6	51	SL1308	B	8	5	
31340	4	2016	9	16	6	59	SL1316	B	16	5	
31341	3	2016	9	16	8	57	SL1314	B	14	5	
31342	3	2016	9	16	8	25	SL1225	A	25	5	
31343	4	2016	9	16	8	31	SL1231	A	31	5	
31344	4	2016	9	16	8	26	SL1226	A	26	5	
31345	3	2016	9	22	10	62	SL1319	B	19	5	
31346	3	2016	9	22	10	64	SL1321	B	21	5	
31347	4	2016	9	22	10	77	SL1334	B	34	5	
31348	4	2016	9	22	10	41	SL1241	A	41	5	
31349	3	2016	9	22	12	26	SL1226	A	26	5	
31350	3	2016	9	22	12	67	SL1324	B	24	5	
31351	4	2016	9	22	12	68	SL1325	B	25	5	
31352	4	2016	9	22	12	25	SL1225	A	25	5	
31353	3	2016	9	22	14	21	SL1221	A	21	5	
31354	3	2016	9	22	14	9	SL1209	A	9	5	
31355	4	2016	9	22	14	37	SL1237	A	37	5	
31356	4	2016	9	22	14	28	SL1228	A	28	5	
31357	3	2016	9	22	16	58	SL1315	B	15	5	
31358	3	2016	9	22	16	72	SL1329	B	29	5	
31359	4	2016	9	22	16	23	SL1223	A	23	5	
31360	4	2016	9	22	16	2	SL1202	A	2	5	
31361	3	2016	9	22	18	22	SL1222	A	22	5	
31362	3	2016	9	22	18	63	SL1320	B	20	5	
31363	4	2016	9	22	18	39	SL1239	A	39	5	
31364	4	2016	9	22	18	34	SL1234	A	34	5	
31365	3	2016	9	22	20	19	SL1219	A	19	5	
31366	3	2016	9	22	20	36	SL1236	A	36	5	
31367	4	2016	9	22	20	69	SL1326	B	26	5	
31368	4	2016	9	22	20	58	SL1315	B	15	5	
31369	3	2016	9	22	22	17	SL1217	A	17	5	
31370	3	2016	9	22	22	50	SL1307	B	7	5	
31371	4	2016	9	22	22	6	SL1206	A	6	5	
31372	4	2016	9	22	22	11	SL1211	A	11	5	
31373	3	2016	9	23	0	61	SL1318	B	18	5	
31374	3	2016	9	23	0	52	SL1309	B	9	5	
31375	4	2016	9	23	0	15	SL1215	A	15	5	
31376	4	2016	9	23	0	46	SL1303	B	3	5	
31377	3	2016	9	23	2	47	SL1304	B	4	5	
31378	3	2016	9	23	2	71	SL1328	B	28	5	
31379	4	2016	9	23	2	21	SL1221	A	21	5	
31380	4	2016	9	23	2	61	SL1318	B	18	5	
31381	3	2016	9	23	4	60	SL1317	B	17	5	
31382	3	2016	9	23	4	53	SL1310	B	10	5	
31383	4	2016	9	23	4	22	SL1222	A	22	5	
31384	4	2016	9	23	4	35	SL1235	A	35	5	
31385	3	2016	9	23	6	74	SL1331	B	31	5	
31386	3	2016	9	23	6	51	SL1308	B	8	5	
31387	4	2016	9	23	6	62	SL1319	B	19	5	
31388	4	2016	9	23	6	82	SL1339	B	39	5	
31389	3	2016	9	23	8	40	SL1240	A	40	5	
31390	3	2016	9	23	8	23	SL1223	A	23	5	
31391	4	2016	9	23	8	66	SL1323	B	23	5	
31392	4	2016	9	23	8	53	SL1310	B	10	5	
31393	3	2016	9	29	10	55	SL1312	B	12	5	
31394	3	2016	9	29	10	31	SL1231	A	31	5	
31395	4	2016	9	29	10	81	SL1338	B	38	5	
31396	4	2016	9	29	10	32	SL1232	A	32	5	
31397	3	2016	9	29	12	18	SL1218	A	18	5	
31398	3	2016	9	29	12	42	Koshihikari	A	42	5	
31399	4	2016	9	29	12	67	SL1324	B	24	5	
31400	4	2016	9	29	12	10	SL1210	A	10	5	
31401	3	2016	9	29	14	65	SL1322	B	22	5	
31402	3	2016	9	29	14	81	SL1338	B	38	5	
31403	4	2016	9	29	14	20	SL1220	A	20	5	
31404	4	2016	9	29	14	56	SL1313	B	13	5	
31405	3	2016	9	29	16	85	HP-a	B	42	5	
31406	3	2016	9	29	16	46	SL1303	B	3	5	
31407	4	2016	9	29	16	65	SL1322	B	22	5	
31408	4	2016	9	29	16	30	SL1230	A	30	5	
31409	3	2016	9	29	18	17	SL1217	A	17	1	
31410	3	2016	9	29	18	79	SL1336	B	36	1	
31411	4	2016	9	29	18	33	SL1233	A	33	1	
31412	4	2016	9	29	18	3	SL1203	A	3	1	
31413	3	2016	9	29	20	57	SL1314	B	14	1	
31414	3	2016	9	29	20	63	SL1320	B	20	1	
31415	4	2016	9	29	20	1	SL1201	A	1	1	
31416	4	2016	9	29	20	77	SL1334	B	34	1	
31417	3	2016	9	29	22	85	HP-a	B	42	1	
31418	3	2016	9	29	22	47	SL1304	B	4	1	
31419	4	2016	9	29	22	83	Koshihikari	B	40	1	
31420	4	2016	9	29	22	26	SL1226	A	26	1	
31421	3	2016	9	30	0	22	SL1222	A	22	1	
31422	3	2016	9	30	0	11	SL1211	A	11	1	
31423	4	2016	9	30	0	59	SL1316	B	16	1	
31424	4	2016	9	30	0	31	SL1231	A	31	1	
31425	3	2016	9	30	2	44	SL1301	B	1	1	
31426	3	2016	9	30	2	31	SL1231	A	31	1	
31427	4	2016	9	30	2	67	SL1324	B	24	1	
31428	4	2016	9	30	2	80	SL1337	B	37	1	
31429	3	2016	9	30	4	48	SL1305	B	5	1	
31430	3	2016	9	30	4	71	SL1328	B	28	1	
31431	4	2016	9	30	4	49	SL1306	B	6	1	
31432	4	2016	9	30	4	74	SL1331	B	31	1	
31433	3	2016	9	30	6	77	SL1334	B	34	1	
31434	3	2016	9	30	6	46	SL1303	B	3	1	
31435	4	2016	9	30	6	18	SL1218	A	18	1	
31436	4	2016	9	30	6	76	SL1333	B	33	1	
31437	3	2016	9	30	8	74	SL1331	B	31	1	
31438	3	2016	9	30	8	62	SL1319	B	19	1	
31439	4	2016	9	30	8	6	SL1206	A	6	1	
31440	4	2016	9	30	8	57	SL1314	B	14	1	
31441	1	2016			0	11	SL1211	A	11	1	
31442	1	2016			0	21	SL1221	A	21	1	
31443	1	2016			0	59	SL1316	B	16	1	
31444	1	2016			0	19	SL1219	A	19	1	
31445	1	2016			0	66	SL1323	B	23	1	
31446	1	2016			0	20	SL1220	A	20	1	
31447	1	2016			2	31	SL1231	A	31	1	
31448	1	2016			2	51	SL1308	B	8	1	
31449	1	2016			2	78	SL1335	B	35	1	
31450	1	2016			2	6	SL1206	A	6	1	
31451	1	2016			2	69	SL1326	B	26	1	
31452	1	2016			2	62	SL1319	B	19	1	
31453	1	2016			4	77	SL1334	B	34	1	
31454	1	2016			4	42	Koshihikari	A	42	1	
31455	1	2016			4	23	SL1223	A	23	1	
31456	1	2016			4	64	SL1321	B	21	1	
31457	1	2016			4	82	SL1339	B	39	1	
31458	1	2016			4	60	SL1317	B	17	1	
31459	1	2016			6	76	SL1333	B	33	1	
31460	1	2016			6	83	Koshihikari	B	40	1	
31461	1	2016			6	38	SL1238	A	38	1	
31462	1	2016			6	57	SL1314	B	14	1	
31463	1	2016			6	39	SL1239	A	39	1	
31464	1	2016			6	56	SL1313	B	13	1	
31465	1	2016			8	67	SL1324	B	24	1	
31466	1	2016			8	52	SL1309	B	9	1	
31467	1	2016			8	13	SL1213	A	13	1	
31468	1	2016			8	4	SL1204	A	4	1	
31469	1	2016			10	8	SL1208	A	8	1	
31470	1	2016			10	14	SL1214	A	14	1	
31471	1	2016			10	79	SL1336	B	36	1	
31472	1	2016			10	36	SL1236	A	36	1	
31473	1	2016			10	7	SL1207	A	7	1	
31474	1	2016			10	70	SL1327	B	27	1	
31475	1	2016			12	1	SL1201	A	1	1	
31476	1	2016			12	86	HP-b	B	43	1	
31477	1	2016			12	29	SL1229	A	29	1	
31478	1	2016			12	50	SL1307	B	7	1	
31479	1	2016			12	40	SL1240	A	40	1	
31480	1	2016			12	72	SL1329	B	29	1	
31481	1	2016			14	48	SL1305	B	5	1	
31482	1	2016			14	61	SL1318	B	18	1	
31483	1	2016			14	44	SL1301	B	1	1	
31484	1	2016			14	16	SL1216	A	16	1	
31485	1	2016			14	65	SL1322	B	22	1	
31486	1	2016			14	73	SL1330	B	30	1	
31487	1	2016			16	34	SL1234	A	34	1	
31488	1	2016			16	17	SL1217	A	17	1	
31489	1	2016			16	74	SL1331	B	31	1	
31490	1	2016			16	3	SL1203	A	3	1	
31491	1	2016			16	10	SL1210	A	10	1	
31492	1	2016			16	30	SL1230	A	30	1	
31493	1	2016			18	27	SL1227	A	27	1	
31494	1	2016			18	75	SL1332	B	32	1	
31495	1	2016			18	54	SL1311	B	11	1	
31496	1	2016			18	47	SL1304	B	4	1	
31497	1	2016			18	46	SL1303	B	3	1	
31498	1	2016			18	15	SL1215	A	15	1	
31499	1	2016			20	22	SL1222	A	22	1	
31500	1	2016			20	80	SL1337	B	37	1	
31501	1	2016			20	68	SL1325	B	25	1	
31502	1	2016			20	43	Takanari	A	43	1	
31503	1	2016			20	81	SL1338	B	38	1	
31504	1	2016			20	12	SL1212	A	12	1	
31505	1	2016			22	9	SL1209	A	9	1	
31506	1	2016			22	33	SL1233	A	33	1	
31507	1	2016			22	18	SL1218	A	18	1	
31508	1	2016			22	25	SL1225	A	25	1	
31509	1	2016			22	85	HP-a	B	42	1	
31510	1	2016			22	5	SL1205	A	5	1	
