ID	TransPlantSet	year	month	day	hour	LineID	LineName	ColPos	RowPos	PlantPos	サンプリング実行者	Kobayashi comment	"RNA extraction
date"	"daily 
sample 
No."	"box 
No."	"TECAN
conc."	"Quantus
conc."	RIN	"rRNA
ratio"	"error、Conditions change
※ｺﾒﾝﾄの日付はRNA抽出日が基準"	確認
30817	1	2016	8	4	10	68	SL1325	B	25	4			20170324	2	8	722					
30818	1	2016	8	4	10	58	SL1315	B	15	4			20170324	3	8	540					
30821	2	2016	8	4	10	78	SL1335	B	35	3			20170324	6	8	55					
30822	2	2016	8	4	10	49	SL1308	B	6	3			20170324	7	9	184					
30825	1	2016	8	4	12	8	SL1208	A	8	4			20170324	10	9	329					
30826	1	2016	8	4	12	4	SL1204	A	4	4			20170324	11	9	118					
30829	2	2016	8	4	12	50	SL1307	B	7	3			20170324	14	9	103					
30830	2	2016	8	4	12	38	SL1238	A	38	3			20170324	15	9	793					
30833	1	2016	8	4	14	18	SL1218	A	18	4			20170324	18	9	510					
30834	1	2016	8	4	14	60	SL1317	B	17	4			20170324	19	9	215					
30837	2	2016	8	4	14	55	SL1312	B	12	4			20170324	22	9	239					
30838	2	2016	8	4	14	69	SL1326	B	26	4			20170324	23	9	387					
30841	1	2016	8	4	16	78	SL1335	B	35	4			20170324	26	9	186					
30842	1	2016	8	4	16	40	SL1240	A	40	4			20170324	27	9	349					
30845	2	2016	8	4	16	9	SL1209	A	9	4			20170324	29	9	268					
30846	2	2016	8	4	16	58	SL1315	B	15	4			20170324	30	9	230					
30849	1	2016	8	4	18	41	SL1241	A	41	4			20170411	1	9	418		8.7	2.9		
30850	1	2016	8	4	18	34	SL1234	A	34	4			20170411	2	9	421					
30853	2	2016	8	4	18	46	SL1303	B	3	4			20170411	5	9	346					
30854	2	2016	8	4	18	54	SL1311	B	11	4			20170411	6	9	302					
30857	1	2016	8	4	20	12	SL1212	A	12	4			20170411	9	9	197					
30858	1	2016	8	4	20	21	Koshihikari	A	21	4			20170411	10	9	385					
30861	2	2016	8	4	20	78	SL1335	B	35	4			20170411	13	9	516					
30862	2	2016	8	4	20	74	SL1331	B	31	4			20170411	14	9	299					
30865	1	2016	8	4	22	50	SL1307	B	7	4			20170411	17	9	528					
30866	1	2016	8	4	22	55	SL1312	B	12	4			20170411	18	9	558					
30869	2	2016	8	4	22	47	SL1304	B	4	4			20170411	21	9	555					
30870	2	2016	8	4	22	26	SL1226	A	26	4			20170411	22	9	962					
30873	1	2016	8	5	0	61	SL1318	B	18	4			20170411	25	9	257					
30874	1	2016	8	5	0	83	Koshihikari	B	40	4			20170411	26	9	323					
30877	2	2016	8	5	0	39	SL1239	A	39	4			20170411	29	9	765					
30878	2	2016	8	5	0	38	SL1238	A	38	4			20170411	30	9	800					
30881	1	2016	8	5	2	46	SL1303	B	3	4			20170413	1	9	503		8.7	2.7		
30882	1	2016	8	5	2	48	SL1305	B	5	4			20170413	2	9	419					
30885	2	2016	8	5	2	42	Unpredictable	A	42	4			20170413	5	9	454					
30886	2	2016	8	5	2	61	SL1318	B	18	4			20170413	6	9	392					
30889	1	2016	8	5	4	47	SL1304	B	4	5			20170413	9	9	300					
30890	1	2016	8	5	4	44	Takanari	B	1	5			20170413	10	9	373					
30893	2	2016	8	5	4	86	HP-b	B	43	4		ｻﾝﾌﾟﾙ無	-	-	-	-	-	-	-		
30894	2	2016	8	5	4	16	SL1216	A	16	4			20170413	13	9	429					
30897	1	2016	8	5	6	82	SL1339	B	39	5			"20170413
20170519"	"16
24"	"9
9"	"37
426"				"RNA液を少しこぼした
破砕からやり直した"	
30898	1	2016	8	5	6	78	SL1335	B	35	5			20170413	17	9	447				ﾌﾟﾗﾝｼﾞｬｰ入れ忘れ。終了後再ｽﾀｰﾄした（問題無し）	
30901	2	2016	8	5	6	8	SL1208	A	8	4			20170413	20	9	527				ﾌﾟﾗﾝｼﾞｬｰ入れ忘れ。終了後再ｽﾀｰﾄした（問題無し）	
30902	2	2016	8	5	6	57	SL1314	B	14	4			"20170413
20170519"	"21
25"	"9
9"	"41
385"				"ﾌﾟﾗﾝｼﾞｬｰ入れ忘れ。終了後再ｽﾀｰﾄした（問題無し）RNA液を少しこぼした
破砕からやり直した"	
30905	1	2016	8	5	8	30	SL1230	A	30	5			20170413	24	9	268				ﾌﾟﾗﾝｼﾞｬｰ入れ忘れ。終了後再ｽﾀｰﾄした（問題無し）	
30906	1	2016	8	5	8	66	SL1323	B	23	5			20170413	25	9	434				ﾌﾟﾗﾝｼﾞｬｰ入れ忘れ。終了後再ｽﾀｰﾄした（問題無し）	
30909	2	2016	8	5	8	24	SL1224	A	24	4			20170413	28	9	430				ﾌﾟﾗﾝｼﾞｬｰ入れ忘れ。終了後再ｽﾀｰﾄした（問題無し）	
30910	2	2016	8	5	8	5	SL1205	A	5	4			20170413	29	9	226				ﾌﾟﾗﾝｼﾞｬｰ入れ忘れ。終了後再ｽﾀｰﾄした（問題無し）	
30913	1	2016	8	11	10	11	SL1211	A	11	5			20170413	32	9	354		8.8	2.9	ﾌﾟﾗﾝｼﾞｬｰ入れ忘れ。終了後再ｽﾀｰﾄした（問題無し）	
30914	1	2016	8	11	10	74	SL1331	B	31	5			20170414	1	9	440		8.5	2.9	ID914以降Homogenizationは13000rpm×2分とした	
30917	2	2016	8	11	10	2	SL1202	A	2	4			20170414	4	9	623					
30918	2	2016	8	11	10	65	SL1205	B	22	4			20170414	5	9	104					
30921	1	2016	8	11	12	33	SL1233	A	33	5			20170414	8	9	50					
30922	1	2016	8	11	12	21	Koshihikari	A	21	5			20170414	9	9	301					
30925	2	2016	8	11	12	84	Takanari	B	41	4			20170414	12	10	585					
30926	2	2016	8	11	12	32	SL1232	A	32	4			20170414	13	10	769					
30929	1	2016	8	11	14	84	Takanari	B	41	5			20170414	16	10	520					
30930	1	2016	8	11	14	15	SL1215	A	15	5			20170414	17	10	569					
30933	2	2016	8	11	14	70	SL1327	B	27	4			20170414	20	10	236					
30934	2	2016	8	11	14	64	SL1321	B	21	4			20170414	21	10	119					
30937	1	2016	8	11	16	64	SL1321	B	21	5			20170414	24	10	467					
30938	1	2016	8	11	16	40	SL1240	A	40	5			20170414	25	10	171					
30941	2	2016	8	11	16	50	SL1307	B	7	4			20170414	28	10	817					
30942	2	2016	8	11	16	52	Takanari	B	9	4			20170414	29	10	671					
30945	1	2016	8	11	18	18	SL1218	A	18	5			20170414	32	10	464					
30946	1	2016	8	11	18	9	SL1209	A	9	5			20170414	33	10	677					
30949	2	2016	8	11	18	6	SL1206	A	6	4			20170414	36	10	965					
30950	2	2016	8	11	18	44	SL1301	B	1	4			20170414	37	10	504					
30953	1	2016	8	11	20	52	Takanari	B	9	5			20170414	40	10	528					
30954	1	2016	8	11	20	43	Takanari	A	43	5			20170414	41	10	440					
30957	2	2016	8	11	20	11	SL1211	A	11	4			20170414	44	10	345					
30958	2	2016	8	11	20	83	Koshihikari	B	40	4			20170414	45	10	409					
30961	1	2016	8	11	22	75	SL1223	B	32	5			20170414	48	10	306					
30962	1	2016	8	11	22	27	SL1227	A	27	5			20170414	49	10	740					
30965	2	2016	8	11	22	23	SL1332	A	23	4			20170414	52	10	640					
30966	2	2016	8	11	22	27	SL1227	A	27	4			20170414	53	10	370					
30969	1	2016	8	12	0	77	SL1334	B	34	5		生葉予備有り	20170414	56	10	318					
30970	1	2016	8	12	0	73	SL1330	B	30	5			20170414	57	10	538					
30973	2	2016	8	12	0	22	SL1222	A	22	4		ｻﾝﾌﾟﾙ残無し	"20170414
20170519"	"60
26"	"9
9"	"34
286"				低濃度だったので破砕からやり直した	
30974	2	2016	8	12	0	82	SL1338	B	39	4			20170414	61	10	271					
30977	1	2016	8	12	2	7	SL1207	A	7	5		ｻﾝﾌﾟﾙ残無し	"20170414
20170519"	"64
27"	"9
9"	"38
416"				低濃度だったので破砕からやり直した	
30978	1	2016	8	12	2	6	SL1206	A	6	5			20170417	1	10	419		8.6	2.7		
30981	2	2016	8	12	2	36	SL1236	A	36	4			20170417	4	10	827					
30982	2	2016	8	12	2	28	SL1228	A	28	4			20170417	5	10	1079					
30985	1	2016	8	12	4	71	SL1328	B	28	5			20170417	8	10	404					
30986	1	2016	8	12	4	1	SL1201	A	1	5			20170417	9	10	222					
30989	2	2016	8	12	4	21	Koshihikari	A	21	4			20170417	12	10	54					
30990	2	2016	8	12	4	15	SL1215	A	15	4			20170417	13	10	162					
30993	1	2016	8	12	6	10	SL1210	A	10	5			20170417	16	10	49					
30994	1	2016	8	12	6	63	Unpredictable	B	20	5			20170417	17	10	86					
30997	2	2016	8	12	6	10	SL1210	A	10	4			20170417	20	10	302					
30998	2	2016	8	12	6	19	SL1219	A	19	4			20170417	21	10	553					
31001	1	2016	8	12	8	76	SL1333	B	33	5			20170417	24	10	477					
31002	1	2016	8	12	8	13	SL1210	A	13	5			20170417	25	10	334					
31005	2	2016	8	12	8	14	SL1214	A	14	4			20170417	28	10	370					
31006	2	2016	8	12	8	43	Takanari	A	43	4			20170417	29	10	205					
31009	1	2016	8	25	10	36	SL1236	A	36	5		1/3枯れ	20170417	32	10	257					
31010	1	2016	8	25	10	3	SL1202	A	3	5		1/2枯れ	20170417	33	10	173					
31013	2	2016	8	25	10	37	SL1237	A	37	4			20170417	35	10	878					
31014	2	2016	8	25	10	62	SL1319	B	19	4			20170417	36	10	561					
31017	1	2016	8	25	12	83	Koshihikari	B	40	5		1/3枯れ	20170417	39	10	183					
31018	1	2016	8	25	12	79	SL1336	B	36	5			20170417	40	10	393					
31021	2	2016	8	25	12	53	SL1310	B	10	4			20170417	43	10	209					
31022	2	2016	8	25	12	33	SL1233	A	33	4			20170417	44	10	495					
31025	1	2016	8	25	14	12	SL1212	A	12	5			20170417	47	11	591					
31026	1	2016	8	25	14	61	SL1318	B	18	5			20170417	48	11	129					
31029	2	2016	8	25	14	45	SL1302	B	2	4			20170417	51	11	484					
31030	2	2016	8	25	14	71	SL1328	B	28	4			20170417	52	11	544					
31033	1	2016	8	25	16	35	SL1235	A	35	5			20170417	55	11	331					
31034	1	2016	8	25	16	23	SL1223	A	23	5		先端枯れ	20170417	56	11	100					
31037	2	2016	8	25	16	13	SL1210	A	13	4			20170417	59	11	179					
31038	2	2016	8	25	16	20	SL1220	A	20	4			20170417	60	11	543					
31041	1	2016	8	25	18	50	SL1307	B	7	5			20170417	63	11	188					
31042	1	2016	8	25	18	42	Koshihikari	A	42	5			20170417	64	11	129		8.9	2.8		
31045	2	2016	8	25	18	77	SL1334	B	34	4			20170418	3	11	461					
31046	2	2016	8	25	18	67	Unpredictable	B	24	4			20170418	4	11	41					
31049	1	2016	8	25	20	72	SL1329	B	29	5			20170418	7	11	221					
31050	1	2016	8	25	20	14	SL1214	A	14	5		少し枯れ	20170418	8	11	91					
31053	2	2016	8	25	20	31	SL1231	A	31	4			20170418	10	11	429					
31054	2	2016	8	25	20	1	SL1201	A	1	4			20170418	11	11	421					
31057	1	2016	8	25	22	19	SL1219	A	19	5		1/3枯れ	20170418	14	11	240					
31058	1	2016	8	25	22	80	SL1337	B	37	5			20170418	15	11	173					
31061	2	2016	8	25	22	12	SL1212	A	12	4			20170418	18	11	358					
31062	2	2016	8	25	22	79	SL1336	B	36	4			20170418	19	11	175					
31065	1	2016	8	26	0	51	SL1308	B	8	5			20170418	22	11	122					
31066	1	2016	8	26	0	60	SL1316	B	17	5			20170418	23	11	169					
31069	2	2016	8	26	0	51	SL1308	B	8	4			20170418	26	11	407					
31070	2	2016	8	26	0	25	SL1225	A	25	4			20170418	27	11	384					
31073	1	2016	8	26	2	48	SL1304	B	5	5			20170418	29	11	164					
31074	1	2016	8	26	2	41	SL1241	A	41	5			20170418	30	11	347					
31077	2	2016	8	26	2	56	SL1313	B	13	4			20170418	33	11	188					
31078	2	2016	8	26	2	49	SL1330	B	6	4			20170418	34	11	411					
31081	1	2016	8	26	4	59	SL1316	B	16	5			20170418	37	11	242					
31082	1	2016	8	26	4	16	SL1216	A	16	5			20170418	38	11	348					
31085	2	2016	8	26	4	75	SL1332	B	32	4			20170418	41	11	542					
31086	2	2016	8	26	4	34	SL1235	A	34	4			20170418	42	11	317					
31089	1	2016	8	26	6	20	SL1230	A	20	5			20170418	45	11	256					
31090	1	2016	8	26	6	67	Unpredictable	B	24	5			20170418	46	11	127					
31093	2	2016	8	26	6	40	SL1240	A	40	4			20170418	49	11	202					
31094	2	2016	8	26	6	18	SL1218	A	18	4			20170418	50	11	158					
31097	1	2016	8	26	8	69	SL1326	B	26	5			20170418	53	11	179					
31098	1	2016	8	26	8	49	SL1308	B	6	5			20170418	54	11	112					
31101	2	2016	8	26	8	66	Unpredictable	B	23	4			20170418	57	11	363					
31102	2	2016	8	26	8	3	SL1203	A	3	4			20170418	58	11	61					
