sampleID	TransPlantSet	Year	Month	Day	Hour	LineID	LineName	ColPos	RowPos	PlantPos	KobayashiComment	RnaExtractionDate	DailySampleNo	BoxNo	TecanConc	RIN	"rRNA
ratio"	ErrorConditionChange
20001	1	2015	5	25	16	7	SL1207	C	7	2		20151203	1	1	1418	5.6	0.6	破砕条件25Hz×1分
20002	1	2015	5	25	16	82	SL1339	A	24	2		20151203	2	1	1592			
20003	1	2015	5	25	18	40	SL1240	B	11	2		20151203	3	1	1314			
20004	1	2015	5	25	18	17	SL1217	C	17	2		20151203	4	1	1122			
20005	1	2015	5	25	20	34	SL1234	B	5	2		20151203	5	1	1121			
20006	1	2015	5	25	20	27	SL1227	C	27	2		20151203	6	1	1321			
20007	1	2015	5	25	22	35	SL1235	B	6	2		20151203	7	1	1363			
20008	1	2015	5	25	22	37	SL1237	B	8	2	虫食い、写真有	20151203	8	1	1264	5.4	0.5	
20009	1	2015	5	26	0	54	SL1311	B	25	2		20151210	22	1	15	7.7	2.1	ここから破砕条件25Hz×30秒
20010	1	2015	5	26	0	78	SL1335	A	20	2	ｻﾝﾌﾟﾙ無	-	-	-	-	-	-	
20011	1	2015	5	26	2	68	SL1325	A	10	2		20151210	23	1	527			
20012	1	2015	5	26	2	71	SL1328	A	13	2	少し虫食い	20151210	24	1	531			
20013	1	2015	5	26	4	5	SL1205	C	5	2	（ｻﾝﾌﾟﾙ残無し）	20160120	1	1	157	6	0.8	ごく少量のｻﾝﾌﾟﾙで抽出した
20014	1	2015	5	26	4	29	SL1229	C	29	2	少し虫食い	20151210	26	1	736			
20015	1	2015	5	26	6	80	SL1337	A	22	2		20151210	27	1	624			
20016	1	2015	5	26	6	31	SL1231	B	2	2		20151210	28	1	1130			
20017	1	2015	5	26	8	14	SL1214	C	14	2		20151210	29	1	1005			
20018	1	2015	5	26	8	79	SL1336	A	21	2		20151210	30	1	583			
20019	1	2015	5	26	10	62	SL1319	A	4	2		20151210	31	1	1296			
20020	1	2015	5	26	10	32	SL1232	B	3	2		20151210	32	1	1493	8.7	2.6	Nanoﾁｯﾌﾟで分析
20021	1	2015	5	26	12	55	SL1312	B	26	2		20160120	2	1	1865			ここから破砕条件25Hz×1分
20022	1	2015	5	26	12	76	SL1333	A	18	2		20160126	1	1	1750	4.7	0.7	
20023	1	2015	5	26	14	45	SL1302	B	16	2		20160120	3	1	1385			
20024	1	2015	5	26	14	16	SL1216	C	16	2		20160120	4	1	2571			
20025	1	2015	6	16	16	86	HP-b	A	28	2		20160120	5	1	1013			
20026	1	2015	6	16	16	24	SL1224	C	24	2		20160120	6	1	636			
20027	1	2015	6	16	18	15	SL1215	C	15	2		20160120	7	1	1005			
20028	1	2015	6	16	18	43	Takanari	B	14	2		20160120	8	1	1168			
20029	1	2015	6	16	20	64	SL1321	A	6	2		20160120	9	1	1162			
20030	1	2015	6	16	20	51	SL1308	B	22	2		20160120	10	1	641			
20031	1	2015	6	16	22	52	SL1309	B	23	2		20160126	2	1	639			
20032	1	2015	6	16	22	26	SL1226	C	26	2		20160120	11	1	1125			
20033	1	2015	6	17	0	10	SL1210	C	10	2		20160120	12	1	1681			
20034	1	2015	6	17	0	66	SL1323	A	8	2		20160120	13	1	1048			
20035	1	2015	6	17	2	20	SL1220	C	20	2		20160120	14	1	691			
20036	1	2015	6	17	2	18	SL1218	C	18	2		20160120	15	1	802			
20037	1	2015	6	17	4	69	SL1326	A	11	2		20160120	16	1	56	7.8	1.5	
20038	1	2015	6	17	4	77	SL1334	A	19	2		20160126	3	1	1045			
20039	1	2015	6	17	6	9	SL1209	C	9	2		20160126	4	1	1098			
20040	1	2015	6	17	6	63	SL1320	A	5	2		20160126	5	1	894			
20041	1	2015	6	17	8	44	SL1301	B	15	2		20160126	6	1	112			
20042	1	2015	6	17	8	65	SL1322	A	7	2		20160126	7	1	513			
20043	1	2015	6	17	10	38	SL1238	B	9	2		20160126	8	1	1282			
20044	1	2015	6	17	10	36	SL1236	B	7	2		20160126	9	1	138			
20045	1	2015	6	17	12	3	SL1203	C	3	2		20160126	10	1	908			
20046	1	2015	6	17	12	12	SL1212	C	12	2		20160126	11	1	95			
20047	1	2015	6	17	14	75	SL1332	A	17	2		20160126	12	1	73			
20048	1	2015	6	17	14	46	SL1303	B	17	2		20160126	13	1	648			
20049	1	2015	6	22	16	53	SL1310	B	24	2		20160126	14	1	627			
20050	1	2015	6	22	16	13	SL1213	C	13	2		20160126	15	1	731			
20051	2	2015	6	22	16	65	SL1322	A	7	2		20160126	16	1	690	6.4	0.8	
20052	2	2015	6	22	16	81	SL1338	A	23	2		20160205	1	1	887	6.2	1.1	
20053	1	2015	6	22	18	42	Koshihikari	B	13	2		20160205	2	1	875			
20054	1	2015	6	22	18	59	SL1316	A	1	2		20160205	3	1	984			
20055	2	2015	6	22	18	9	SL1209	C	9	2		20160205	4	1	825			
20056	2	2015	6	22	18	48	SL1305	B	19	2		20160205	5	1	1148			
20057	1	2015	6	22	20	41	SL1241	B	12	2		20160205	6	1	1200			
20058	1	2015	6	22	20	11	SL1211	C	11	2		20160205	7	1	905			
20059	2	2015	6	22	20	55	SL1312	B	26	2		20160205	8	1	1163			
20060	2	2015	6	22	20	52	SL1309	B	23	2		20160205	9	1	1142			
20061	1	2015	6	22	22	81	SL1338	A	23	2		20160205	10	1	698			
20062	1	2015	6	22	22	70	SL1327	A	12	2		20160205	11	1	572			
20063	2	2015	6	22	22	73	SL1330	A	15	2		20160205	12	1	717			
20064	2	2015	6	22	22	67	SL1324	A	9	2		20160205	13	1	666			
20065	1	2015	6	23	0	22	SL1222	C	22	2		20160219	1	1	822	6.4	0.8	
20066	1	2015	6	23	0	49	SL1306	B	20	2		20160205	14	1	470			
20067	2	2015	6	23	0	63	SL1320	A	5	2		20160205	15	1	1084			
20068	2	2015	6	23	0	35	SL1235	B	6	2		20160205	16	1	1063	6.4	1	
20069	1	2015	6	23	2	30	SL1230	B	1	2		20160516	8	1	237	7.9	2.7	ｼﾞﾙｺﾆｱﾎﾞｰﾙ入れ忘れ後で入れたので、Homogenization Solution添加後破砕した
20070	1	2015	6	23	2	73	SL1330	A	15	2		20160219	2	1	803			
20071	2	2015	6	23	2	41	SL1241	B	12	2		20160219	3	1	1466			
20072	2	2015	6	23	2	6	SL1206	C	6	2		20160219	4	1	983			
20073	1	2015	6	23	4	25	SL1225	C	25	2		20160219	5	1	1213			
20074	1	2015	6	23	4	84	Takanari	A	26	2		20160219	6	1	558			
20075	2	2015	6	23	4	85	HP-a	A	27	2	6/23の包装に「4時のｻﾝﾌﾟﾘﾝｸﾞにﾐｽあり。訂正済ですが気をつけて下さい。坂本」ｺﾒﾝﾄ有。ｻﾝﾌﾟﾙ採取時間記載無。紫稲？(取り間違えか？）（写真有）	20160219	7	1	1116			
20076	2	2015	6	23	4	68	SL1325	A	10	2	6/23の包装に「4時のｻﾝﾌﾟﾘﾝｸﾞにﾐｽあり。訂正済ですが気をつけて下さい。坂本」のｺﾒﾝﾄ有。ｻﾝﾌﾟﾙ採取時間記載無。	20160219	8	1	534			
20077	1	2015	6	23	6	23	SL1223	C	23	2		20160219	9	1	1035			
20078	1	2015	6	23	6	47	SL1304	B	18	2		20160219	10	1	367			
20079	2	2015	6	23	6	4	SL1204	C	4	2		20160219	11	1	619			
20080	2	2015	6	23	6	64	SL1321	A	6	2		20160219	12	1	576			
20081	1	2015	6	23	8	28	SL1228	C	28	2		20160516	9	1	456			破砕からやり直した
20082	1	2015	6	23	8	50	SL1307	B	21	2		20160219	13	1	568			
20083	2	2015	6	23	8	62	SL1319	A	4	2		20160516	10	1	549			破砕からやり直した
20084	2	2015	6	23	8	43	Takanari	B	14	2		20160219	14	1	548			
20085	1	2015	6	23	10	1	SL1201	C	1	2		20160219	15	1	984			
20086	1	2015	6	23	10	19	SL1219	C	19	2		20160219	16	1	973	6	0.7	
20087	2	2015	6	23	10	25	SL1225	C	25	2		20160222	1	1	717	6.1	1.2	
20088	2	2015	6	23	10	12	SL1212	C	12	2		20160222	2	1	547			
20089	1	2015	6	23	12	39	SL1239	B	10	2		20160222	3	1	1029			
20090	1	2015	6	23	12	58	SL1315	B	29	2		20160222	4	1	1840			
20091	2	2015	6	23	12	80	SL1337	A	22	2		20160222	5	1	241			
20092	2	2015	6	23	12	50	SL1307	B	21	2		20160222	6	1	251			
20093	1	2015	6	23	14	83	Koshihikari	A	25	2		20160222	7	1	1222			
20094	1	2015	6	23	14	60	SL1317	A	2	2		20160222	8	1	562			
20095	2	2015	6	23	14	45	SL1302	B	16	2		20160222	9	1	1299			
20096	2	2015	6	23	14	15	SL1215	C	15	2		20160222	10	1	968			
20097	1	2015	6	29	16	85	HP-a	A	27	2		20160222	11	1	860	6.1	0.8	"(1回目）少量のサンプルで実施
(2回目)破砕からやり直した"
20098	1	2015	6	29	16	8	SL1208	C	8	2		20160222	12	1	878	6.1	0.7	"(1回目）少量のサンプルで実施
(2回目)破砕からやり直した"
20099	2	2015	6	29	16	36	SL1236	B	7	2		20160222	13	1	960			
20100	2	2015	6	29	16	20	SL1220	C	20	2		20160222	14	1	1284			
20101	1	2015	6	29	18	61	SL1318	A	3	2		20160222	15	1	113			
20102	1	2015	6	29	18	74	SL1331	A	16	2		20160222	16	1	369	6.1	0.7	
20103	2	2015	6	29	18	5	SL1205	C	5	2		20160516	13	1	282			破砕からやり直した
20104	2	2015	6	29	18	27	SL1227	C	27	2		20160223	1	2	1654	5.6	0.5	
20105	1	2015	6	29	20	56	SL1313	B	27	2		20160223	2	2	522			
20106	1	2015	6	29	20	67	SL1324	A	9	2		20160223	3	2	235			
20107	2	2015	6	29	20	47	SL1304	B	18	2		20160223	4	2	542			
20108	2	2015	6	29	20	75	SL1332	A	17	2		20160223	5	2	852			
20109	1	2015	6	29	22	33	SL1233	B	4	2		20160223	6	2	687			
20110	1	2015	6	29	22	21	SL1221	C	21	2		20160223	7	2	550			
20111	2	2015	6	29	22	11	SL1211	C	11	2		20160223	8	2	594			
20112	2	2015	6	29	22	72	SL1329	A	14	2		20160223	9	2	462			
20113	1	2015	6	30	0	6	SL1206	C	6	2		20160223	10	2	460			
20114	1	2015	6	30	0	4	SL1204	C	4	2		20160223	11	2	418			
20115	2	2015	6	30	0	40	SL1240	B	11	2		20160223	12	2	923			
20116	2	2015	6	30	0	66	SL1323	A	8	2		20160223	13	2	566			
20117	1	2015	6	30	2	72	SL1329	A	14	2		20160223	14	2	423			
20118	1	2015	6	30	2	2	SL1202	C	2	2		20160223	15	2	666			
20119	2	2015	6	30	2	42	Koshihikari	B	13	2		20160223	16	2	832			
20120	2	2015	6	30	2	56	SL1313	B	27	2		20160223	17	2	109			
20121	1	2015	6	30	4	57	SL1314	B	28	2		20160223	18	2	584			
20122	1	2015	6	30	4	48	SL1305	B	19	2		20160223	19	2	622			
20123	2	2015	6	30	4	16	SL1216	C	16	2		20160223	20	2	849			
20124	2	2015	6	30	4	23	SL1223	C	23	2		20160223	21	2	665			
20125	1	2015	6	30	6	12	SL1212	C	12	3		20160223	22	2	749			
20126	1	2015	6	30	6	69	SL1326	A	11	3		20160223	23	2	683			
20127	2	2015	6	30	6	19	SL1219	C	19	2		20160223	24	2	998			
20128	2	2015	6	30	6	29	SL1229	C	29	2		20160223	25	2	1356			
20129	1	2015	6	30	8	84	Takanari	A	26	3		20160223	26	2	156			
20130	1	2015	6	30	8	76	SL1333	A	18	3		20160223	27	2	505			
20131	2	2015	6	30	8	38	SL1238	B	9	2		20160223	28	2	614			
20132	2	2015	6	30	8	33	SL1233	B	4	2		20160223	29	2	854			
20133	1	2015	6	30	10	19	SL1219	C	19	3		20160223	30	2	481			
20134	1	2015	6	30	10	56	SL1313	B	27	3		20160223	31	2	420			
20135	2	2015	6	30	10	32	SL1232	B	3	2		20160223	32	2	413			
20136	2	2015	6	30	10	77	SL1334	A	19	2		20160223	33	2	431			
20137	1	2015	6	30	12	51	SL1308	B	22	3		20160223	34	2	379			
20138	1	2015	6	30	12	42	Koshihikari	B	13	3		20160223	35	2	607			
20139	2	2015	6	30	12	34	SL1234	B	5	2		20160223	36	2	614	5.9	0.8	少量のｻﾝﾌﾟﾙで抽出した
20140	2	2015	6	30	12	39	SL1239	B	10	2		20160223	37	2	93	6.6	1	少量のｻﾝﾌﾟﾙで抽出した
20141	1	2015	6	30	14	34	SL1234	B	5	3		20160223	38	2	344			
20142	1	2015	6	30	14	11	SL1211	C	11	3		20160223	39	2	645			
20143	2	2015	6	30	14	69	SL1326	A	11	2		20160223	40	2	341			
20144	2	2015	6	30	14	57	SL1314	B	28	2		20160223	41	2	597			
20145	1	2015	7	6	16	60	SL1317	A	2	3		20160223	42	2	117			
20146	1	2015	7	6	16	65	SL1322	A	7	3		20160223	43	2	267			
20147	2	2015	7	6	16	49	SL1306	B	20	2		20160223	44	2	619			
20148	2	2015	7	6	16	71	SL1328	A	13	2		20160223	45	2	603			
20149	3	2015	7	6	16	22	SL1222	C	22	2		20160223	46	2	831			
20150	3	2015	7	6	16	61	SL1318	A	3	2		20160223	47	2	620			
20151	1	2015	7	6	18	50	SL1307	B	21	3		20160223	48	2	142	6.6	1.1	破裂。少量ｻﾝﾌﾟﾙで抽出した
20152	1	2015	7	6	18	23	SL1223	C	23	3		20160225	1	2	290	6.6	1	
20153	2	2015	7	6	18	1	SL1201	C	1	2		20160225	2	2	433			
20154	2	2015	7	6	18	18	SL1218	C	18	2		20160225	3	2	279			
20155	3	2015	7	6	18	24	SL1224	C	24	2		20160225	4	2	1289			
20156	3	2015	7	6	18	29	SL1229	C	29	2		20160225	5	2	418			
20157	1	2015	7	6	20	37	SL1237	B	8	3		20160225	6	2	638			
20158	1	2015	7	6	20	73	SL1330	A	15	3		20160225	7	2	585			
20159	2	2015	7	6	20	60	SL1317	A	2	2		20160225	8	2	765			
20160	2	2015	7	6	20	59	SL1316	A	1	2		20160225	9	2	425			
20161	3	2015	7	6	20	8	SL1208	C	8	2		20160225	10	2	379			
20162	3	2015	7	6	20	38	SL1238	B	9	2		20160225	11	2	1164			
20163	1	2015	7	6	22	49	SL1306	B	20	3		20160225	12	2	138			
20164	1	2015	7	6	22	17	SL1217	C	17	3		20160225	13	2	99			
20165	2	2015	7	6	22	7	SL1207	C	7	2		20160225	14	2	135			
20166	2	2015	7	6	22	24	SL1224	C	24	2		20160225	15	2	406			
20167	3	2015	7	6	22	28	SL1228	C	28	2		20160225	16	2	163			
20168	3	2015	7	6	22	60	SL1317	A	2	2		20160225	17	2	233			
20169	1	2015	7	7	0	40	SL1240	B	11	3		20160225	18	2	680			
20170	1	2015	7	7	0	43	Takanari	B	14	3		20160225	19	2	186			
20171	2	2015	7	7	0	79	SL1336	A	21	2	先端枯れ	20160225	20	2	566			
20172	2	2015	7	7	0	14	SL1214	C	14	2		20160225	21	2	442			
20173	3	2015	7	7	0	79	SL1336	A	21	2	先端から1/2枯れ	20160225	22	2	717			
20174	3	2015	7	7	0	78	SL1335	A	20	2	先端枯れ	20160225	23	2	551			
20175	1	2015	7	7	2	31	SL1231	B	2	3		20160516	14	2	185			誤ってRNA抽出液をID176と混ぜてしまったのでやり直した
20176	1	2015	7	7	2	81	SL1338	A	23	3		20160516	15	2	139			"（1回目）誤ってRNA抽出液をID30175と混ぜてしまった
（2回目）破砕からやり直した"
20177	2	2015	7	7	2	30	SL1230	B	1	2		20160225	26	2	265			
20178	2	2015	7	7	2	54	SL1311	B	25	2		20160225	27	2	301			
20179	3	2015	7	7	2	3	SL1203	C	3	2		20160225	28	2	663			
20180	3	2015	7	7	2	45	SL1302	B	16	2		20160225	29	2	815			
20181	1	2015	7	7	4	26	SL1226	C	26	3		20160225	30	2	677			
20182	1	2015	7	7	4	6	SL1206	C	6	3		20160225	31	2	349			
20183	2	2015	7	7	4	82	SL1339	A	24	2		20160225	32	2	572	6.3	0.9	
20184	2	2015	7	7	4	13	SL1213	C	13	2		20160226	1	2	499	6.1	1.1	
20185	3	2015	7	7	4	54	SL1311	B	25	2		20160226	2	2	489			
20186	3	2015	7	7	4	69	SL1326	A	11	2		20160226	3	2	470			
20187	1	2015	7	7	6	38	SL1238	B	9	3		20160226	4	2	520			
20188	1	2015	7	7	6	28	SL1228	C	28	3		20160226	5	2	472			
20189	2	2015	7	7	6	83	Koshihikari	A	25	2		20160226	6	2	875			
20190	2	2015	7	7	6	31	SL1231	B	2	2		20160226	7	2	799			
20191	3	2015	7	7	6	81	SL1338	A	23	2		20160226	8	2	400			
20192	3	2015	7	7	6	10	SL1210	C	10	2		20160226	9	2	1039			
20193	1	2015	7	7	8	86	HP-b	A	28	3		20160226	10	2	625			
20194	1	2015	7	7	8	32	SL1232	B	3	3		20160226	11	2	914			
20195	2	2015	7	7	8	28	SL1228	C	28	2		20160226	12	2	703			
20196	2	2015	7	7	8	53	SL1310	B	24	2		20160226	13	2	474			
20197	3	2015	7	7	8	1	SL1201	C	1	2		20160226	14	2	849			
20198	3	2015	7	7	8	16	SL1216	C	16	2		20160226	15	2	1255			
20199	1	2015	7	7	10	75	SL1332	A	17	3		20160226	16	2	257			
20200	1	2015	7	7	10	14	SL1214	C	14	3		20160226	17	2	283			
20201	2	2015	7	7	10	78	SL1335	A	20	2		20160226	18	2	238			
20202	2	2015	7	7	10	37	SL1237	B	8	2		20160226	19	2	643			
20203	3	2015	7	7	10	14	SL1214	C	14	2		20160226	20	2	511			
20204	3	2015	7	7	10	50	SL1307	B	21	2		20160226	21	2	209			
20205	1	2015	7	7	12	53	SL1310	B	24	3		20160226	22	3	750			
20206	1	2015	7	7	12	29	SL1229	C	29	3		20160226	23	3	735			
20207	2	2015	7	7	12	44	SL1301	B	15	2		20160226	24	3	1586			
20208	2	2015	7	7	12	10	SL1210	C	10	2		20160226	25	3	422			
20209	3	2015	7	7	12	2	SL1202	C	2	2		20160226	26	3	805			
20210	3	2015	7	7	12	76	SL1333	A	18	2		20160226	27	3	556			
20211	1	2015	7	7	14	18	SL1218	C	18	3		20160226	28	3	441			
20212	1	2015	7	7	14	78	SL1335	A	20	3	ｻﾝﾌﾟﾙ無	-	-	-	-	-	-	
20213	2	2015	7	7	14	58	SL1315	B	29	2		20160226	29	3	782			
20214	2	2015	7	7	14	3	SL1203	C	3	2		20160226	30	3	271			
20215	3	2015	7	7	14	65	SL1322	A	7	2		20160226	31	3	492			
20216	3	2015	7	7	14	51	SL1308	B	22	2		20160226	32	3	497			
20217	1	2015	7	13	16	39	SL1239	B	10	3		20160516	16	3	140			破砕からやり直した
20218	1	2015	7	13	16	59	SL1316	A	1	3		20160226	33	3	928			
20219	2	2015	7	13	16	22	SL1222	C	22	2		20160226	34	3	418			
20220	2	2015	7	13	16	46	SL1303	B	17	2		20160226	35	3	443			
20221	3	2015	7	13	16	57	SL1314	B	28	2		20160226	36	3	782			
20222	3	2015	7	13	16	34	SL1234	B	5	2		20160226	37	3	1006			
20223	1	2015	7	13	18	1	SL1201	C	1	3		20160226	38	3	670			
20224	1	2015	7	13	18	33	SL1233	B	4	3		20160226	39	3	591			
20225	2	2015	7	13	18	26	SL1226	C	26	2		20160226	40	3	801			
20226	2	2015	7	13	18	74	SL1331	A	16	2		20160226	41	3	1178			
20227	3	2015	7	13	18	53	SL1310	B	24	2		20160226	42	3	581			
20228	3	2015	7	13	18	43	Takanari	B	14	2		20160226	43	3	640			
20229	1	2015	7	13	20	16	SL1216	C	16	3		20160226	44	3	526			
20230	1	2015	7	13	20	79	SL1336	A	21	3	ｻﾝﾌﾟﾙ無（無い旨の表記なし）	-	-	-	-	-	-	
20231	2	2015	7	13	20	70	SL1327	A	12	2		20160226	45	3	688			
20232	2	2015	7	13	20	8	SL1208	C	8	2		20160226	46	3	717			
20233	3	2015	7	13	20	59	SL1316	A	1	2		20160226	47	3	796			
20234	3	2015	7	13	20	21	SL1221	C	21	2		20160226	48	3	407	5.8	1	
20235	1	2015	7	13	22	21	SL1221	C	21	3		20160301	1	3	428	7	2.2	
20236	1	2015	7	13	22	62	SL1319	A	4	3		20160301	2	3	159			
20237	2	2015	7	13	22	86	HP-b	A	28	2	紫色の葉。まだらに緑色が入っている（写真有）	20160301	3	3	633			
20238	2	2015	7	13	22	84	Takanari	A	26	2		20160301	4	3	622			
20239	3	2015	7	13	22	42	Koshihikari	B	13	2		20160301	5	3	661			
20240	3	2015	7	13	22	4	SL1204	C	4	2		20160301	6	3	711			
20241	1	2015	7	14	0	61	SL1318	A	3	3		20160301	7	3	375			
20242	1	2015	7	14	0	46	SL1303	B	17	3		20160301	8	3	208			
20243	2	2015	7	14	0	76	SL1333	A	18	2		20160301	9	3	751			
20244	2	2015	7	14	0	51	SL1308	B	22	2		20160301	10	3	490			
20245	3	2015	7	14	0	23	SL1223	C	23	2		20160301	11	3	662			
20246	3	2015	7	14	0	32	SL1232	B	3	2		20160301	12	3	634			
20247	1	2015	7	14	2	48	SL1305	B	19	3		20160301	13	3	515			
20248	1	2015	7	14	2	25	SL1225	C	25	3		20160301	14	3	714			
20249	2	2015	7	14	2	17	SL1217	C	17	2		20160301	15	3	425			
20250	2	2015	7	14	2	21	SL1221	C	21	2		20160301	16	3	383			
20251	3	2015	7	14	2	71	SL1328	A	13	2		20160301	17	3	494			
20252	3	2015	7	14	2	70	SL1327	A	12	2		20160301	18	3	595			
20253	1	2015	7	14	4	58	SL1315	B	29	3		20160301	19	3	464			
20254	1	2015	7	14	4	66	SL1323	A	8	3		20160301	20	3	629			
20255	2	2015	7	14	4	61	SL1318	A	3	2		20160301	21	3	520			
20256	2	2015	7	14	4	2	SL1202	C	2	2		20160301	22	3	354			
20257	3	2015	7	14	4	74	SL1331	A	16	2		20160301	23	3	773			
20258	3	2015	7	14	4	67	SL1324	A	9	2		20160301	24	3	500			
20259	1	2015	7	14	6	47	SL1304	B	18	3		20160301	25	3	931			
20260	1	2015	7	14	6	85	HP-a	A	27	3	Hp-aだけど緑色（写真有）	20160301	26	3	488			
20261	2	2015	7	14	6	77	SL1334	A	19	3		20160301	27	3	548			
20262	2	2015	7	14	6	72	SL1329	A	14	3		20160301	28	3	110			
20263	3	2015	7	14	6	72	SL1329	A	14	2		20160301	29	3	1102			
20264	3	2015	7	14	6	27	SL1227	C	27	2		20160301	30	3	639			
20265	1	2015	7	14	8	68	SL1325	A	10	3		20160301	31	3	394			
20266	1	2015	7	14	8	36	SL1236	B	7	3		20160301	32	3	999			
20267	2	2015	7	14	8	17	SL1217	C	17	3		20160301	33	3	925			
20268	2	2015	7	14	8	26	SL1226	C	26	3		20160301	34	3	796			
20269	3	2015	7	14	8	11	SL1211	C	11	2		20160301	35	3	1250			
20270	3	2015	7	14	8	37	SL1237	B	8	2		20160301	36	3	1122			
20271	1	2015	7	14	10	64	SL1321	A	6	3		20160301	37	3	1414			
20272	1	2015	7	14	10	77	SL1334	A	19	3		20160301	38	3	694			
20273	2	2015	7	14	10	14	SL1214	C	14	3		20160301	39	3	597			
20274	2	2015	7	14	10	52	SL1309	B	23	3	ｻﾝﾌﾟﾙ無	-	-	-	-	-	-	
20275	3	2015	7	14	10	13	SL1213	C	13	2		20160301	40	3	1083			
20276	3	2015	7	14	10	12	SL1212	C	12	2		20160301	41	3	977			
20277	1	2015	7	14	12	74	SL1331	A	16	3		20160301	42	3	658			
20278	1	2015	7	14	12	22	SL1222	C	22	3		20160301	43	3	580			
20279	2	2015	7	14	12	29	SL1229	C	29	3		20160301	44	3	693			
20280	2	2015	7	14	12	71	SL1328	A	13	3		20160301	45	3	692			
20281	3	2015	7	14	12	41	SL1241	B	12	2		20160301	46	3	344			
20282	3	2015	7	14	12	63	SL1320	A	5	2		20160301	47	3	588			
20283	1	2015	7	14	14	2	SL1202	C	2	3		20160301	48	3	227			
20284	1	2015	7	14	14	57	SL1314	B	28	3		20160301	49	3	763			
20285	2	2015	7	14	14	40	SL1240	B	11	3		20160301	50	3	450			
20286	2	2015	7	14	14	85	HP-a	A	27	3	ｻﾝﾌﾟﾙ無	-	-	-	-	-	-	
20287	3	2015	7	14	14	18	SL1218	C	18	2		20160516	17	3	370			"(1回目)誤ってRNA抽出液をID30288と混ぜてしまった
(2回目)破砕からやり直した"
20288	3	2015	7	14	14	55	SL1312	B	26	2		20160516	18	3	283			"(1回目)誤ってRNA抽出液をID30287と混ぜてしまった
(2回目)破砕からやり直した"
20289	1	2015	7	20	16	20	SL1220	C	20	3		20160301	53	3	389			
20290	1	2015	7	20	16	72	SL1329	A	14	3		20160301	54	3	863			
20291	2	2015	7	20	16	2	SL1202	C	2	3		20160301	55	3	261			
20292	2	2015	7	20	16	19	SL1219	C	19	3		20160301	56	3	592			
20293	3	2015	7	20	16	84	Takanari	A	26	2		20160301	57	3	312			
20294	3	2015	7	20	16	20	SL1220	C	20	2		20160301	58	3	561			
20295	4	2015	7	20	16	80	SL1337	A	22	2		20160301	59	3	209			
20296	4	2015	7	20	16	86	HP-b	A	28	2		20160301	60	3	404			
20297	1	2015	7	20	18	63	SL1320	A	5	3		20160301	61	3	311			
20298	1	2015	7	20	18	45	SL1302	B	16	3		20160301	62	3	203			
20299	2	2015	7	20	18	61	SL1318	A	3	3		20160301	63	3	255			
20300	2	2015	7	20	18	80	SL1337	A	22	3		20160301	64	3	510	5.7	1.6	Quantus conc.:354ng/uL
20301	3	2015	7	20	18	52	SL1309	B	23	2		20160309	1	3	292	6.2	1.3	
20302	3	2015	7	20	18	64	SL1321	A	6	2		20160309	2	3	302			
20303	4	2015	7	20	18	20	SL1220	C	20	2		20160309	3	3	635			
20304	4	2015	7	20	18	18	SL1218	C	18	2		20160516	19	3	537			破砕からやり直した
20305	1	2015	7	20	20	30	SL1230	B	1	3		20160309	4	3	298			
20306	1	2015	7	20	20	5	SL1205	C	5	3		20160309	5	3	463			
20307	2	2015	7	20	20	59	SL1316	A	1	3		20160309	6	3	196			
20308	2	2015	7	20	20	74	SL1331	A	16	3		20160309	7	3	853			
20309	3	2015	7	20	20	56	SL1313	B	27	2		20160309	8	3	354			
20310	3	2015	7	20	20	36	SL1236	B	7	2		20160309	9	3	691			
20311	4	2015	7	20	20	61	SL1318	A	3	2		20160309	10	3	538			
20312	4	2015	7	20	20	7	SL1207	C	7	2		20160309	11	4	430			
20313	1	2015	7	20	22	15	SL1215	C	15	3		20160309	12	4	657			
20314	1	2015	7	20	22	55	SL1312	B	26	3		20160309	13	4	690			
20315	2	2015	7	20	22	9	SL1209	C	9	3		20160309	14	4	624			
20316	2	2015	7	20	22	5	SL1205	C	5	3		20160516	20	4	457			破砕からやり直した
20317	3	2015	7	20	22	6	SL1206	C	6	2		20160309	15	4	649			
20318	3	2015	7	20	22	35	SL1235	B	6	2		20160309	16	4	551			
20319	4	2015	7	20	22	59	SL1316	A	1	2		20160309	17	4	1374			
20320	4	2015	7	20	22	12	SL1212	C	12	2		20160309	18	4	875			
20321	1	2015	7	21	0	13	SL1213	C	13	3		20160309	19	4	730			
20322	1	2015	7	21	0	3	SL1203	C	3	3		20160309	20	4	679			ここから破砕条件25Hz×30秒
20323	2	2015	7	21	0	20	SL1220	C	20	3		20160309	21	4	390			
20324	2	2015	7	21	0	23	SL1223	C	23	3		20160309	22	4	463			
20325	3	2015	7	21	0	75	SL1332	A	17	2		20160309	23	4	352			
20326	3	2015	7	21	0	48	SL1305	B	19	2		20160309	24	4	368			
20327	4	2015	7	21	0	72	SL1329	A	14	2		20160309	25	4	875			
20328	4	2015	7	21	0	6	SL1206	C	6	2		20160309	26	4	794			
20329	1	2015	7	21	2	35	SL1235	B	6	3		20160309	27	4	868			
20330	1	2015	7	21	2	80	SL1337	A	22	3		20160309	28	4	884			
20331	2	2015	7	21	2	33	SL1233	B	4	3		20160309	29	4	317			
20332	2	2015	7	21	2	73	SL1330	A	15	3		20160309	30	4	613			
20333	3	2015	7	21	2	49	SL1306	B	20	2		20160309	31	4	375			
20334	3	2015	7	21	2	77	SL1334	A	19	2		20160309	32	4	748			
20335	4	2015	7	21	2	65	SL1322	A	7	2		20160309	33	4	128	6.5	0.8	Elution tubeに水入れ忘れ、後でﾋﾞｰｽﾞから溶出させたが問題なさそう
20336	4	2015	7	21	2	67	SL1324	A	9	2		20160309	34	4	246			Elution tubeに水入れ忘れ、後でﾋﾞｰｽﾞから溶出させたが問題なさそう
20337	1	2015	7	21	4	67	SL1324	A	9	3		20160309	35	4	171			Elution tubeに水入れ忘れ、後でﾋﾞｰｽﾞから溶出させたが問題なさそう
20338	1	2015	7	21	4	82	SL1339	A	24	3		20160309	36	4	260			Elution tubeに水入れ忘れ、後でﾋﾞｰｽﾞから溶出させたが問題なさそう
20339	2	2015	7	21	4	28	SL1228	C	28	3		20160309	37	4	166			Elution tubeに水入れ忘れ、後でﾋﾞｰｽﾞから溶出させたが問題なさそう
20340	2	2015	7	21	4	62	SL1319	A	4	3		20160309	38	4	71	7.8	1.8	Elution tubeに水入れ忘れ、後でﾋﾞｰｽﾞから溶出させたが問題なさそう
20341	3	2015	7	21	4	30	SL1230	B	1	2	入れ違いの可能性が高い（坂本）	20160309	39	4	319			Elution tubeに水入れ忘れ、後でﾋﾞｰｽﾞから溶出させたが問題なさそう
20342	3	2015	7	21	4	7	SL1207	C	7	2	入れ違いの可能性が高い（坂本）	20160309	40	4	150			Elution tubeに水入れ忘れ、後でﾋﾞｰｽﾞから溶出させたが問題なさそう
20343	4	2015	7	21	4	79	SL1336	A	21	2	ｻﾝﾌﾟﾙ無（ｻﾝﾌﾟﾘﾝｸﾞ失敗）	-	-	-	-	-	-	
20344	4	2015	7	21	4	47	SL1304	B	18	2	入れ違いの可能性が高い（坂本）	20160309	41	4	135			Elution tubeに水入れ忘れ、後でﾋﾞｰｽﾞから溶出させたが問題なさそう
20345	1	2015	7	21	6	71	SL1328	A	13	3	入れ違いの可能性が高い（坂本）	20160309	42	4	147			Elution tubeに水入れ忘れ、後でﾋﾞｰｽﾞから溶出させたが問題なさそう
20346	1	2015	7	21	6	41	SL1241	B	12	3		20160309	43	4	77	6	1	Elution tubeに水入れ忘れ、後でﾋﾞｰｽﾞから溶出させた。Bioanalyzer：やや分解している印象
20347	2	2015	7	21	6	24	SL1224	C	24	3		20160309	44	4	368			Elution tubeに水入れ忘れ、後でﾋﾞｰｽﾞから溶出させたが問題なさそう
20348	2	2015	7	21	6	41	SL1241	B	12	3		20160309	45	4	189			Elution tubeに水入れ忘れ、後でﾋﾞｰｽﾞから溶出させたが問題なさそう
20349	3	2015	7	21	6	9	SL1209	C	9	2		20160309	46	4	103			Elution tubeに水入れ忘れ、後でﾋﾞｰｽﾞから溶出させたが問題なさそう
20350	3	2015	7	21	6	15	SL1215	C	15	2		20160309	47	4	121			Elution tubeに水入れ忘れ、後でﾋﾞｰｽﾞから溶出させたが問題なさそう
20351	4	2015	7	21	6	36	SL1236	B	7	2		20160309	48	4	201	6.6	1.2	Elution tubeに水入れ忘れ、後でﾋﾞｰｽﾞから溶出させたが問題なさそう
20352	4	2015	7	21	6	24	SL1224	C	24	2		20160314	1	4	560	7.4	1.2	
20353	1	2015	7	21	8	44	SL1301	B	15	3		20160314	2	4	626			
20354	1	2015	7	21	8	24	SL1224	C	24	3		20160314	3	4	787			
20355	2	2015	7	21	8	3	SL1203	C	3	3		20160314	4	4	257			
20356	2	2015	7	21	8	46	SL1303	B	17	3		20160314	5	4	574			
20357	3	2015	7	21	8	47	SL1304	B	18	2		20160314	6	4	275			
20358	3	2015	7	21	8	80	SL1337	A	22	2		20160314	7	4	344			
20359	4	2015	7	21	8	64	SL1321	A	6	2		20160314	8	4	392			
20360	4	2015	7	21	8	53	SL1310	B	24	2		20160314	9	4	1061			
20361	1	2015	7	21	10	52	SL1309	B	23	3		20160314	10	4	571			
20362	1	2015	7	21	10	10	SL1210	C	10	3		20160314	11	4	556			
20363	2	2015	7	21	10	34	SL1234	B	5	3		20160314	12	4	353			
20364	2	2015	7	21	10	13	SL1213	C	13	3		20160314	13	4	372			
20365	3	2015	7	21	10	40	SL1240	B	11	2		20160314	14	4	448			
20366	3	2015	7	21	10	5	SL1205	C	5	2		20160314	15	4	475			
20367	4	2015	7	21	10	19	SL1219	C	19	2		20160314	16	4	432	6.6	0.9	2倍量の水(100uL)に溶出させてしまった
20368	4	2015	7	21	10	9	SL1209	C	9	2		20160315	1	4	999	6.5	0.8	
20369	1	2015	7	21	12	4	SL1204	C	4	3		20160315	2	4	526			
20370	1	2015	7	21	12	7	SL1207	C	7	3		20160315	3	4	671			
20371	2	2015	7	21	12	18	SL1218	C	18	3		20160315	4	4	530			
20372	2	2015	7	21	12	42	Koshihikari	B	13	3		20160315	5	4	407			
20373	3	2015	7	21	12	31	SL1231	B	2	2		20160516	21	4	489			破砕からやり直した
20374	3	2015	7	21	12	44	SL1301	B	15	2		20160516	22	4	175			破砕からやり直した
20375	4	2015	7	21	12	76	SL1333	A	18	2		20160315	6	4	427			
20376	4	2015	7	21	12	33	SL1233	B	4	2		20160315	7	4	275			
20377	1	2015	7	21	14	54	SL1311	B	25	3		20160315	8	4	436			
20378	1	2015	7	21	14	8	SL1208	C	8	3		20160315	9	4	438			
20379	2	2015	7	21	14	50	SL1307	B	21	3		20160315	10	4	294			
20380	2	2015	7	21	14	57	SL1314	B	28	3		20160315	11	4	389			
20381	3	2015	7	21	14	85	HP-a	A	27	2		20160315	12	4	508			
20382	3	2015	7	21	14	33	SL1233	B	4	2		20160315	13	4	440			
20383	4	2015	7	21	14	34	SL1234	B	5	2		20160315	14	4	453			
20384	4	2015	7	21	14	51	SL1308	B	22	2		20160315	15	4	508			
20385	1	2015	7	27	16	9	SL1209	C	9	3		20160315	16	4	287			
20386	1	2015	7	27	16	83	Koshihikari	A	25	3		20160315	17	4	418			
20387	2	2015	7	27	16	1	SL1201	C	1	3		20160315	18	4	493			
20388	2	2015	7	27	16	68	SL1325	A	10	3		20160315	19	4	403			
20389	3	2015	7	27	16	86	HP-b	A	28	2		20160315	20	4	425			
20390	3	2015	7	27	16	19	SL1219	C	19	2		20160315	21	4	276	7.4	1.2	破裂。少量ｻﾝﾌﾟﾙで抽出した
20391	4	2015	7	27	16	15	SL1215	C	15	2		20160315	22	4	694			
20392	4	2015	7	27	16	66	SL1323	A	8	2		20160315	23	4	344			
20393	1	2015	7	27	18	27	SL1227	C	27	3		20160315	24	4	394			
20394	1	2015	7	27	18	70	SL1327	A	12	3		20160315	25	4	348			
20395	2	2015	7	27	18	22	SL1222	C	22	3		20160315	26	4	315			
20396	2	2015	7	27	18	65	SL1322	A	7	3		20160516	23	4	246			破砕からやり直した
20397	3	2015	7	27	18	66	SL1323	A	8	2		20160315	27	4	160			
20398	3	2015	7	27	18	58	SL1315	B	29	2		20160315	28	4	417			
20399	4	2015	7	27	18	83	Koshihikari	A	25	2		20160315	29	4	397			
20400	4	2015	7	27	18	48	SL1305	B	19	2		20160315	30	4	405			
20401	1	2015	7	27	20	7	SL1207	C	7	4		20160315	31	4	523			
20402	1	2015	7	27	20	68	SL1325	A	10	4		20160315	32	4	354			
20403	2	2015	7	27	20	44	SL1301	B	15	3		20160315	33	4	410			
20404	2	2015	7	27	20	37	SL1237	B	8	3		20160516	24	4	358			破砕からやり直した
20405	3	2015	7	27	20	26	SL1226	C	26	2		20160315	34	4	463			
20406	3	2015	7	27	20	82	SL1339	A	24	2		20160315	35	4	297			
20407	4	2015	7	27	20	43	Takanari	B	14	2		20160315	36	4	417			
20408	4	2015	7	27	20	14	SL1214	C	14	2		20160315	37	4	632			
20409	1	2015	7	27	22	83	Koshihikari	A	25	4		20160315	38	4	431			
20410	1	2015	7	27	22	57	SL1314	B	28	4		20160315	39	4	313			
20411	2	2015	7	27	22	86	HP-b	A	28	3	ｻﾝﾌﾟﾙ無	-	-	-	-	-	-	
20412	2	2015	7	27	22	31	SL1231	B	2	3		20160315	40	4	397			
20413	3	2015	7	27	22	62	SL1319	A	4	2		20160315	41	4	506			
20414	3	2015	7	27	22	17	SL1217	C	17	2		20160315	42	4	565			
20415	4	2015	7	27	22	26	SL1226	C	26	2		20160315	43	4	440			
20416	4	2015	7	27	22	71	SL1328	A	13	2		20160315	44	4	447			
20417	1	2015	7	28	0	74	SL1331	A	16	4		20160315	45	4	491			
20418	1	2015	7	28	0	35	SL1235	B	6	4		20160315	46	4	603			
20419	2	2015	7	28	0	48	SL1305	B	19	3		20160315	47	4	743			
20420	2	2015	7	28	0	82	SL1339	A	24	3		20160315	48	5	433	7.3	2.1	
20421	3	2015	7	28	0	25	SL1225	C	25	2		20160318	1	5	548	7.2	1	
20422	3	2015	7	28	0	73	SL1330	A	15	2		20160318	2	5	242			
20423	4	2015	7	28	0	40	SL1240	B	11	2		20160318	3	5	407			
20424	4	2015	7	28	0	42	Koshihikari	B	13	2		20160318	4	5	211			
20425	1	2015	7	28	2	21	SL1221	C	21	4		20160318	5	5	449			
20426	1	2015	7	28	2	24	SL1224	C	24	4		20160318	6	5	634			
20427	2	2015	7	28	2	67	SL1324	A	9	3		20160318	7	5	747			
20428	2	2015	7	28	2	15	SL1215	C	15	3		20160318	8	5	271			
20429	3	2015	7	28	2	83	Koshihikari	A	25	2		20160318	9	5	302			
20430	3	2015	7	28	2	46	SL1303	B	17	2		20160318	10	5	286			
20431	4	2015	7	28	2	31	SL1231	B	2	2		20160318	11	5	303			
20432	4	2015	7	28	2	2	SL1202	C	2	2		20160318	12	5	403			
20433	1	2015	7	28	4	65	SL1322	A	7	4		20160318	13	5	107			
20434	1	2015	7	28	4	18	SL1218	C	18	4		20160318	14	5	226			
20435	2	2015	7	28	4	38	SL1238	B	9	3		20160318	15	5	391			
20436	2	2015	7	28	4	60	SL1317	A	2	3		20160318	16	5	282			
20437	3	2015	7	28	4	68	SL1325	A	10	2		20160318	17	5	326	7.1	1	破裂。少量ｻﾝﾌﾟﾙで抽出した
20438	3	2015	7	28	4	39	SL1239	B	10	2		20160318	18	5	651			
20439	4	2015	7	28	4	3	SL1203	C	3	2		20160318	19	5	190			
20440	4	2015	7	28	4	58	SL1315	B	29	2		20160318	20	5	1038			
20441	1	2015	7	28	6	81	SL1338	A	23	4		20160318	21	5	613			
20442	1	2015	7	28	6	34	SL1234	B	5	4		20160318	22	5	633			
20443	2	2015	7	28	6	36	SL1236	B	7	3		20160318	23	5	596			
20444	2	2015	7	28	6	25	SL1225	C	25	3		20160318	24	5	406			
20445	3	2015	7	28	6	64	SL1321	A	6	3		20160318	25	5	280			
20446	3	2015	7	28	6	23	SL1223	C	23	3		20160318	26	5	493			
20447	4	2015	7	28	6	10	SL1210	C	10	2		20160318	27	5	573			
20448	4	2015	7	28	6	82	SL1339	A	24	2		20160318	28	5	510			
20449	1	2015	7	28	8	23	SL1223	C	23	4		20160318	29	5	515			
20450	1	2015	7	28	8	58	SL1315	B	29	4		20160318	30	5	865			
20451	2	2015	7	28	8	7	SL1207	C	7	3		20160318	31	5	1032			
20452	2	2015	7	28	8	10	SL1210	C	10	3		20160318	32	5	429			
20453	3	2015	7	28	8	21	SL1221	C	21	3		20160318	33	5	1083	6.9	1	機械作動後10分以内にCalibration erroｒで停止、電源Offにし再稼働した
20454	3	2015	7	28	8	63	SL1320	A	5	3		20160318	34	5	601			機械作動後10分以内にCalibration erroｒで停止、電源Offにし再稼働した
20455	4	2015	7	28	8	56	SL1313	B	27	2		20160318	35	5	278			機械作動後10分以内にCalibration erroｒで停止、電源Offにし再稼働した
20456	4	2015	7	28	8	21	SL1221	C	21	2		20160318	36	5	903			機械作動後10分以内にCalibration erroｒで停止、電源Offにし再稼働した
20457	1	2015	7	28	10	46	SL1303	B	17	4		20160318	37	5	751			機械作動後10分以内にCalibration erroｒで停止、電源Offにし再稼働した
20458	1	2015	7	28	10	53	SL1310	B	24	4		20160318	38	5	360			機械作動後10分以内にCalibration erroｒで停止、電源Offにし再稼働した
20459	2	2015	7	28	10	66	SL1323	A	8	3		20160318	39	5	528			機械作動後10分以内にCalibration erroｒで停止、電源Offにし再稼働した
20460	2	2015	7	28	10	81	SL1338	A	23	3		20160318	40	5	1101			機械作動後10分以内にCalibration erroｒで停止、電源Offにし再稼働した
20461	3	2015	7	28	10	43	Takanari	B	14	3		20160318	41	5	519			機械作動後10分以内にCalibration erroｒで停止、電源Offにし再稼働した
20462	3	2015	7	28	10	37	SL1237	B	8	3		20160318	42	5	514			機械作動後10分以内にCalibration erroｒで停止、電源Offにし再稼働した
20463	4	2015	7	28	10	78	SL1335	A	20	2		20160318	43	5	903			機械作動後10分以内にCalibration erroｒで停止、電源Offにし再稼働した
20464	4	2015	7	28	10	81	SL1338	A	23	2		20160318	44	5	661			機械作動後10分以内にCalibration erroｒで停止、電源Offにし再稼働した
20465	1	2015	7	28	12	70	SL1327	A	12	4		20160318	45	5	684			機械作動後10分以内にCalibration erroｒで停止、電源Offにし再稼働した
20466	1	2015	7	28	12	19	SL1219	C	19	4		20160318	46	5	432			機械作動後10分以内にCalibration erroｒで停止、電源Offにし再稼働した
20467	2	2015	7	28	12	54	SL1311	B	25	3		20160318	47	5	547			機械作動後10分以内にCalibration erroｒで停止、電源Offにし再稼働した
20468	2	2015	7	28	12	78	SL1335	A	20	3		20160318	48	5	733			機械作動後10分以内にCalibration erroｒで停止、電源Offにし再稼働した
20469	3	2015	7	28	12	46	SL1303	B	17	3		20160318	49	5	771			
20470	3	2015	7	28	12	73	SL1330	A	15	3		20160318	50	5	484			
20471	4	2015	7	28	12	1	SL1201	C	1	2		20160318	51	5	552			
20472	4	2015	7	28	12	52	SL1309	B	23	2		20160318	52	5	537			
20473	1	2015	7	28	14	13	SL1213	C	13	4		20160318	53	5	510			
20474	1	2015	7	28	14	9	SL1209	C	9	4		20160318	54	5	536			
20475	2	2015	7	28	14	51	SL1308	B	22	3		20160318	55	5	531			
20476	2	2015	7	28	14	21	SL1221	C	21	3		20160318	56	5	284			
20477	3	2015	7	28	14	7	SL1207	C	7	3		20160318	57	5	718			
20478	3	2015	7	28	14	2	SL1202	C	2	3		20160318	58	5	425			
20479	4	2015	7	28	14	69	SL1326	A	11	2	7/21に誤採取分、別に有	20160318	59	5	524			
20480	4	2015	7	28	14	27	SL1227	C	27	2		20160318	60	5	296			
20481	1	2015	8	3	16	20	SL1220	C	20	4		20160318	61	5	356			
20482	1	2015	8	3	16	29	SL1229	C	29	4		20160516	25	5	235			破砕からやり直した
20483	2	2015	8	3	16	35	SL1235	B	6	3		20160318	62	5	652			
20484	2	2015	8	3	16	27	SL1227	C	27	3		20160318	63	5	536			
20485	3	2015	8	3	16	85	HP-a	A	27	3		20160318	64	5	126	7.7	2.1	
20486	3	2015	8	3	16	82	SL1339	A	24	3		20160323	1	5	311	7.7	2	
20487	4	2015	8	3	16	46	SL1303	B	17	2		20160323	2	5	420			
20488	4	2015	8	3	16	25	SL1225	C	25	2		20160323	3	5	273			
20489	1	2015	8	3	18	11	SL1211	C	11	4		20160323	4	5	410			
20490	1	2015	8	3	18	32	SL1232	B	3	4		20160323	5	5	588			
20491	2	2015	8	3	18	56	SL1313	B	27	3		20160323	6	5	384			
20492	2	2015	8	3	18	83	Koshihikari	A	25	3		20160323	7	5	186			
20493	3	2015	8	3	18	48	SL1305	B	19	3		20160323	8	5	352			
20494	3	2015	8	3	18	61	SL1318	A	3	3		20160323	9	5	361			
20495	4	2015	8	3	18	30	SL1230	B	1	2		20160323	10	5	406			
20496	4	2015	8	3	18	32	SL1232	B	3	2		20160323	11	5	567			
20497	1	2015	8	3	20	82	SL1339	A	24	4		20160323	12	5	521			
20498	1	2015	8	3	20	62	SL1319	A	4	4		20160323	13	5	843			
20499	2	2015	8	3	20	49	SL1306	B	20	3		20160323	14	5	101			誤ってRNA抽出液をID30500と混ぜてしまった
20500	2	2015	8	3	20	11	SL1211	C	11	3		20160323	15	5	563			誤ってRNA抽出液をID30499と混ぜてしまった
20501	3	2015	8	3	20	14	SL1214	C	14	3		20160323	16	5	531			
20502	3	2015	8	3	20	10	SL1210	C	10	3		20160323	17	5	646			
20503	4	2015	8	3	20	74	SL1331	A	16	2		20160323	18	5	551			
20504	4	2015	8	3	20	23	SL1223	C	23	2	先端枯れ	20160323	19	5	409			
20505	1	2015	8	3	22	52	SL1309	B	23	4		20160323	20	5	596			
20506	1	2015	8	3	22	1	SL1201	C	1	4		20160323	21	5	519			
20507	2	2015	8	3	22	76	SL1333	A	18	3		20160323	22	5	384			
20508	2	2015	8	3	22	70	SL1327	A	12	3		20160323	23	5	732			
20509	3	2015	8	3	22	50	SL1307	B	21	3		20160323	24	5	535			
20510	3	2015	8	3	22	69	SL1326	A	11	3		20160323	25	5	434			
20511	4	2015	8	3	22	17	SL1217	C	17	2		20160323	26	5	471			
20512	4	2015	8	3	22	22	SL1222	C	22	2		20160323	27	5	562			
20513	1	2015	8	4	0	8	SL1208	C	8	4		20160323	28	5	366			
20514	1	2015	8	4	0	69	SL1326	A	11	4		20160323	29	5	432			
20515	2	2015	8	4	0	8	SL1208	C	8	3		20160323	30	5	439			
20516	2	2015	8	4	0	55	SL1312	B	26	3		20160323	31	5	536			
20517	3	2015	8	4	0	34	SL1234	B	5	3		20160323	32	5	582			
20518	3	2015	8	4	0	58	SL1315	B	29	3		20160323	33	5	489			
20519	4	2015	8	4	0	70	SL1327	A	12	2		20160323	34	5	444			
20520	4	2015	8	4	0	8	SL1208	C	8	2		20160323	35	5	568			
20521	1	2015	8	4	2	12	SL1212	C	12	4		20160323	36	6	519			
20522	1	2015	8	4	2	59	SL1316	A	1	4		20160323	37	6	414			
20523	2	2015	8	4	2	58	SL1315	B	29	3		20160323	38	6	403			
20524	2	2015	8	4	2	47	SL1304	B	18	3		20160323	39	6	692			破裂。少量ｻﾝﾌﾟﾙで抽出した
20525	3	2015	8	4	2	54	SL1311	B	25	3		20160323	40	6	536			
20526	3	2015	8	4	2	32	SL1232	B	3	3		20160323	41	6	511			
20527	4	2015	8	4	2	39	SL1239	B	10	2		20160323	42	6	911			
20528	4	2015	8	4	2	63	SL1320	A	5	2		20160323	43	6	506			
20529	1	2015	8	4	4	73	SL1330	A	15	4		20160323	44	6	584			
20530	1	2015	8	4	4	79	SL1336	A	21	4	ｻﾝﾌﾟﾙ無	-	-	-	-	-	-	
20531	2	2015	8	4	4	75	SL1332	A	17	3		20160323	45	6	260			
20532	2	2015	8	4	4	39	SL1239	B	10	3		20160323	46	6	353			
20533	3	2015	8	4	4	28	SL1228	C	28	3		20160323	47	6	687			
20534	3	2015	8	4	4	25	SL1225	C	25	3		20160323	48	6	554	7.1	1.1	
20535	4	2015	8	4	4	73	SL1330	A	15	2		20160324	1	6	728	7.7	2	Lysis buf.200uLのところ100uLしか添加せず
20536	4	2015	8	4	4	38	SL1238	B	9	2		20160324	2	6	726			Lysis buf.200uLのところ100uLしか添加せず
20537	1	2015	8	4	6	39	SL1239	B	10	4		20160324	3	6	819			Lysis buf.200uLのところ100uLしか添加せず
20538	1	2015	8	4	6	56	SL1313	B	27	4		20160324	4	6	370			Lysis buf.200uLのところ100uLしか添加せず
20539	2	2015	8	4	6	84	Takanari	A	26	3		20160324	5	6	850			Lysis buf.200uLのところ100uLしか添加せず
20540	2	2015	8	4	6	64	SL1321	A	6	3		20160324	6	6	835			Lysis buf.200uLのところ100uLしか添加せず
20541	3	2015	8	4	6	42	Koshihikari	B	13	3		20160324	7	6	847			Lysis buf.200uLのところ100uLしか添加せず
20542	3	2015	8	4	6	1	SL1201	C	1	3		20160324	8	6	831			Lysis buf.200uLのところ100uLしか添加せず
20543	4	2015	8	4	6	68	SL1325	A	10	2		20160324	9	6	678			Lysis buf.200uLのところ100uLしか添加せず
20544	4	2015	8	4	6	11	SL1211	C	11	2		20160324	10	6	842			Lysis buf.200uLのところ100uLしか添加せず
20545	1	2015	8	4	8	44	SL1301	B	15	4		20160516	26	5	258			破砕からやり直した
20546	1	2015	8	4	8	61	SL1318	A	3	4		20160324	11	6	568			Lysis buf.200uLのところ100uLしか添加せず
20547	2	2015	8	4	8	30	SL1230	B	1	3		20160324	12	6	526			Lysis buf.200uLのところ100uLしか添加せず
20548	2	2015	8	4	8	45	SL1302	B	16	3		20160324	13	6	900			Lysis buf.200uLのところ100uLしか添加せず
20549	3	2015	8	4	8	79	SL1336	A	21	3		20160324	14	6	477			Lysis buf.200uLのところ100uLしか添加せず
20550	3	2015	8	4	8	75	SL1332	A	17	3		20160324	15	6	693			Lysis buf.200uLのところ100uLしか添加せず
20551	4	2015	8	4	8	85	HP-a	A	27	2		20160324	16	6	776			Lysis buf.200uLのところ100uLしか添加せず
20552	4	2015	8	4	8	49	SL1306	B	20	2		20160324	17	6	1248	7.3	1.3	
20553	1	2015	8	4	10	22	SL1222	C	22	4		20160324	18	6	549			
20554	1	2015	8	4	10	2	SL1202	C	2	4		20160324	19	6	426			
20555	2	2015	8	4	10	6	SL1206	C	6	3		20160324	20	6	600			
20556	2	2015	8	4	10	53	SL1310	B	24	3		20160324	21	6	657			
20557	3	2015	8	4	10	19	SL1219	C	19	3		20160324	22	6	280			破裂。少量ｻﾝﾌﾟﾙで抽出した
20558	3	2015	8	4	10	84	Takanari	A	26	3		20160324	23	6	647			
20559	4	2015	8	4	10	77	SL1334	A	19	2		20160324	24	6	790			
20560	4	2015	8	4	10	37	SL1237	B	8	2		20160324	25	6	263			
20561	1	2015	8	4	12	71	SL1328	A	13	4		20160324	26	6	749			
20562	1	2015	8	4	12	15	SL1215	C	15	4		20160324	27	6	414			
20563	2	2015	8	4	12	63	SL1320	A	5	3		20160324	28	6	248			
20564	2	2015	8	4	12	43	Takanari	B	14	3		20160324	29	6	874			
20565	3	2015	8	4	12	35	SL1235	B	6	3		20160324	30	6	693			
20566	3	2015	8	4	12	13	SL1213	C	13	3		20160324	31	6	798			
20567	4	2015	8	4	12	13	SL1213	C	13	2		20160324	32	6	912			
20568	4	2015	8	4	12	41	SL1241	B	12	2		20160324	33	6	544	7.8	1.3	
20569	1	2015	8	4	14	5	SL1205	C	5	4		20160324	34	6	501			
20570	1	2015	8	4	14	26	SL1226	C	26	4		20160324	35	6	532			
20571	2	2015	8	4	14	4	SL1204	C	4	3		20160324	36	6	579			
20572	2	2015	8	4	14	16	SL1216	C	16	3		20160324	37	6	930			
20573	3	2015	8	4	14	30	SL1230	B	1	3		20160324	38	6	373			
20574	3	2015	8	4	14	6	SL1206	C	6	3		20160324	39	6	688			
20575	4	2015	8	4	14	57	SL1314	B	28	2		20160324	40	6	765			
20576	4	2015	8	4	14	50	SL1307	B	21	2		20160324	41	6	294			
20577	1	2015	8	19	16	60	SL1317	A	2	4		20160324	42	6	293	7.8	1.9	
20578	1	2015	8	19	16	16	SL1216	C	16	4		20160324	43	6	135	8.1	2.3	
20579	2	2015	8	19	16	69	SL1326	A	11	3		20160324	44	6	327			
20580	2	2015	8	19	16	32	SL1232	B	3	3	先端枯れ	20160324	45	6	345			
20581	3	2015	8	19	16	55	SL1312	B	26	3		20160516	27	6	132			破砕からやり直した
20582	3	2015	8	19	16	72	SL1329	A	14	3		20160324	46	6	292			
20583	4	2015	8	19	16	75	SL1332	A	17	2		20160324	47	6	1007			
20584	4	2015	8	19	16	62	SL1319	A	4	2		20160324	48	6	143	8	2.6	
20585	1	2015	8	19	18	30	SL1230	B	1	4	少し枯れ	20160328	1	6	268	8	2.6	
20586	1	2015	8	19	18	49	SL1306	B	20	4		20160328	2	6	124			
20587	2	2015	8	19	18	79	SL1336	A	21	3		20160328	3	6	684			
20588	2	2015	8	19	18	12	SL1212	C	12	3		20160328	4	6	418			
20589	3	2015	8	19	18	62	SL1319	A	4	3		20160328	5	6	540			
20590	3	2015	8	19	18	70	SL1327	A	12	3		20160328	6	6	314			
20591	4	2015	8	19	18	44	SL1301	B	15	2		20160328	7	6	548			
20592	4	2015	8	19	18	54	SL1311	B	25	2		20160328	8	6	535			
20593	1	2015	8	19	20	3	SL1203	C	3	4		20160328	9	6	219			
20594	1	2015	8	19	20	6	SL1206	C	6	4		20160328	10	6	274			
20595	2	2015	8	19	20	17	SL1217	C	17	4		20160328	11	6	204			
20596	2	2015	8	19	20	60	SL1317	A	2	4		20160328	12	6	192			
20597	3	2015	8	19	20	18	SL1218	C	18	3		20160328	13	6	250			
20598	3	2015	8	19	20	38	SL1238	B	9	3		20160328	14	6	168			
20599	4	2015	8	19	20	45	SL1302	B	16	2		20160328	15	6	137			
20600	4	2015	8	19	20	35	SL1235	B	6	2		20160328	16	6	328			
20601	1	2015	8	19	22	28	SL1228	C	28	4	先端から1/3枯れ	20160328	17	6	217	8.2	2.6	
20602	1	2015	8	19	22	55	SL1312	B	26	4		20160328	18	6	337			
20603	2	2015	8	19	22	47	SL1304	B	18	4		20160328	19	6	187			
20604	2	2015	8	19	22	26	SL1226	C	26	4		20160328	20	6	399			
20605	3	2015	8	19	22	47	SL1304	B	18	3		20160328	21	6	343			
20606	3	2015	8	19	22	56	SL1313	B	27	3		20160516	28	6	419			破砕からやり直した
20607	4	2015	8	19	22	29	SL1229	C	29	2		20160328	22	6	584			
20608	4	2015	8	19	22	84	Takanari	A	26	2		20160328	23	6	486			
20609	1	2015	8	20	0	25	SL1225	C	25	4	縦に1/2枯れ	20160328	24	6	444			
20610	1	2015	8	20	0	38	SL1238	B	9	4	先端枯れ	20160328	25	6	405			
20611	2	2015	8	20	0	61	SL1318	A	3	4		20160328	26	6	176			
20612	2	2015	8	20	0	78	SL1335	A	20	4		20160328	27	6	186			
20613	3	2015	8	20	0	59	SL1316	A	1	3		20160328	28	6	249			
20614	3	2015	8	20	0	15	SL1215	C	15	3		20160328	29	6	376			
20615	4	2015	8	20	0	4	SL1204	C	4	2		20160328	30	6	304			
20616	4	2015	8	20	0	55	SL1312	B	26	2		20160328	31	6	325	7.6	1.5	
20617	1	2015	8	20	2	85	HP-a	A	27	4		20160329	1	6	212	7.8	1.7	
20618	1	2015	8	20	2	77	SL1334	A	19	4		20160329	2	6	500			
20619	2	2015	8	20	2	27	SL1227	C	27	4	先端から1/3枯れ	20160329	3	6	317			
20620	2	2015	8	20	2	1	SL1201	C	1	4	先端枯れ	20160329	4	6	466			
20621	3	2015	8	20	2	44	SL1301	B	15	3		20160329	5	6	137			
20622	3	2015	8	20	2	31	SL1231	B	2	3		20160329	6	6	348			
20623	4	2015	8	20	2	60	SL1317	A	2	2		20160329	7	6	330			
20624	4	2015	8	20	2	28	SL1228	C	28	2		20160329	8	6	303			
20625	1	2015	8	20	4	17	SL1217	C	17	4		20160329	9	7	282			
20626	1	2015	8	20	4	41	SL1241	B	12	4		20160329	10	7	230			
20627	2	2015	8	20	4	65	SL1322	A	7	4		20160329	11	7	506			
20628	2	2015	8	20	4	29	SL1229	C	29	4		20160329	12	7	324			
20629	3	2015	8	20	4	20	SL1220	C	20	3		20160329	13	7	317			
20630	3	2015	8	20	4	22	SL1222	C	22	3		20160329	14	7	339			
20631	4	2015	8	20	4	16	SL1216	C	16	2		20160329	15	7	546			
20632	4	2015	8	20	4	5	SL1205	C	5	2		20160329	16	7	458	7.7	1.6	
20633	1	2015	8	20	6	48	SL1305	B	19	4		20160331	1	7	262	7.8	2.3	
20634	1	2015	8	20	6	14	SL1214	C	14	4		20160331	2	7	395			
20635	2	2015	8	20	6	24	SL1224	C	24	4		20160331	3	7	357			
20636	2	2015	8	20	6	28	SL1228	C	28	4		20160331	4	7	432			
20637	3	2015	8	20	6	78	SL1335	A	20	3		20160331	5	7	739			
20638	3	2015	8	20	6	74	SL1331	A	16	3		20160331	6	7	509			
20639	4	2015	8	20	6	67	SL1324	A	9	3		20160331	7	7	420			
20640	4	2015	8	20	6	21	SL1221	C	21	3		20160331	8	7	679			
20641	1	2015	8	20	8	66	SL1323	A	8	4		20160331	9	7	342			
20642	1	2015	8	20	8	78	SL1335	A	20	4		20160331	10	7	758			
20643	2	2015	8	20	8	57	SL1314	B	28	4		20160331	11	7	328			
20644	2	2015	8	20	8	5	SL1205	C	5	4		20160331	12	7	463			
20645	3	2015	8	20	8	66	SL1323	A	8	3		20160331	13	7	521			
20646	3	2015	8	20	8	8	SL1208	C	8	3		20160331	14	7	366			
20647	4	2015	8	20	8	74	SL1331	A	16	3		20160331	15	7	350			
20648	4	2015	8	20	8	57	SL1314	B	28	3		20160331	16	7	414			
20649	1	2015	8	20	10	72	SL1329	A	14	4		20160331	17	7	359			
20650	1	2015	8	20	10	64	SL1321	A	6	4		20160331	18	7	380			
20651	2	2015	8	20	10	36	SL1236	B	7	4		20160331	19	7	590			
20652	2	2015	8	20	10	76	SL1333	A	18	4		20160331	20	7	345			
20653	3	2015	8	20	10	51	SL1308	B	22	3		20160331	21	7	186			
20654	3	2015	8	20	10	40	SL1240	B	11	3		20160331	22	7	300			
20655	4	2015	8	20	10	60	SL1317	A	2	3		20160331	23	7	558			
20656	4	2015	8	20	10	51	SL1308	B	22	3		20160331	24	7	794			
20657	1	2015	8	20	12	27	SL1227	C	27	4	先端枯れ	20160331	25	7	334			
20658	1	2015	8	20	12	42	Koshihikari	B	13	4		20160331	26	7	392			
20659	2	2015	8	20	12	31	SL1231	B	2	4		20160331	27	7	238			
20660	2	2015	8	20	12	20	SL1220	C	20	4		20160331	28	7	292			
20661	3	2015	8	20	12	12	SL1212	C	12	3		20160331	29	7	202			
20662	3	2015	8	20	12	45	SL1302	B	16	3		20160331	30	7	671			
20663	4	2015	8	20	12	78	SL1335	A	20	3		20160331	31	7	550			
20664	4	2015	8	20	12	32	SL1232	B	3	3		20160331	32	7	402			
20665	1	2015	8	20	14	80	SL1337	A	22	4		20160331	33	7	323			
20666	1	2015	8	20	14	31	SL1231	B	2	4		20160331	34	7	547			
20667	2	2015	8	20	14	15	SL1215	C	15	4		20160331	35	7	242			
20668	2	2015	8	20	14	81	SL1338	A	23	4		20160331	36	7	349			
20669	3	2015	8	20	14	77	SL1334	A	19	3		20160331	37	7	511			
20670	3	2015	8	20	14	29	SL1229	C	29	3		20160331	38	7	406			
20671	4	2015	8	20	14	48	SL1305	B	19	3		20160331	39	7	522			
20672	4	2015	8	20	14	7	SL1207	C	7	3		20160331	40	7	596			
20673	1	2015	8	24	16	33	SL1233	B	4	4	ｻﾝﾌﾟﾙ無	-	-	-	-	-	-	
20674	1	2015	8	24	16	84	Takanari	A	26	4	ｻﾝﾌﾟﾙ無	-	-	-	-	-	-	
20675	2	2015	8	24	16	25	SL1225	C	25	4		20160331	41	7	425			
20676	2	2015	8	24	16	44	SL1301	B	15	4		20160331	42	7	421			
20677	3	2015	8	24	16	5	SL1205	C	5	3		20160331	43	7	219			
20678	3	2015	8	24	16	33	SL1233	B	4	3		20160331	44	7	295			
20679	4	2015	8	24	16	5	SL1205	C	5	3		20160331	45	7	434			
20680	4	2015	8	24	16	29	SL1229	C	29	3		20160331	46	7	587			
20681	1	2015	8	24	18	40	SL1240	B	11	4	ｻﾝﾌﾟﾙ無	-	-	-	-	-	-	
20682	1	2015	8	24	18	54	SL1311	B	25	4	ｻﾝﾌﾟﾙ無	-	-	-	-	-	-	
20683	2	2015	8	24	18	52	SL1309	B	23	4		20160331	47	7	268			
20684	2	2015	8	24	18	33	SL1233	B	4	4	全体的に黄緑色	20160331	48	7	200			
20685	3	2015	8	24	18	76	SL1333	A	18	3		20160331	49	7	417			
20686	3	2015	8	24	18	17	SL1217	C	17	3		20160331	50	7	199			
20687	4	2015	8	24	18	69	SL1326	A	11	3		20160331	51	7	233			
20688	4	2015	8	24	18	45	SL1302	B	16	3		20160331	52	7	377			
20689	1	2015	8	24	20	75	SL1332	A	17	4	ｻﾝﾌﾟﾙ無	-	-	-	-	-	-	
20690	1	2015	8	24	20	47	SL1304	B	18	4		20160331	53	7	504			
20691	2	2015	8	24	20	22	SL1222	C	22	4	先端枯れ	20160331	54	7	222			
20692	2	2015	8	24	20	66	SL1323	A	8	4		20160331	55	7	223			
20693	3	2015	8	24	20	16	SL1216	C	16	3		20160331	56	7	208			
20694	3	2015	8	24	20	52	SL1309	B	23	3		20160331	57	7	339			
20695	4	2015	8	24	20	8	SL1208	C	8	3		20160331	58	7	414			
20696	4	2015	8	24	20	47	SL1304	B	18	3	ｻﾝﾌﾟﾙ無	-	-	-	-	-	-	
20697	1	2015	8	24	22	37	SL1237	B	8	4	ｻﾝﾌﾟﾙ無	-	-	-	-	-	-	
20698	1	2015	8	24	22	50	SL1307	B	21	4	ｻﾝﾌﾟﾙ無	-	-	-	-	-	-	
20699	2	2015	8	24	22	80	SL1337	A	22	4		20160331	59	7	298			
20700	2	2015	8	24	22	30	SL1230	B	1	4	先端枯れ	20160331	60	7	255			
20701	3	2015	8	24	22	86	HP-b	A	28	3		20160331	61	7	96			
20702	3	2015	8	24	22	83	Koshihikari	A	25	3		20160331	62	7	424			
20703	4	2015	8	24	22	41	SL1241	B	12	3		20160331	63	7	290			
20704	4	2015	8	24	22	83	Koshihikari	A	25	3		20160331	64	7	247	7	1.8	
20705	1	2015	8	25	0	4	SL1204	C	4	4	ｻﾝﾌﾟﾙ無	-	-	-	-	-	-	
20706	1	2015	8	25	0	36	SL1236	B	7	4	ｻﾝﾌﾟﾙ無	-	-	-	-	-	-	
20707	2	2015	8	25	0	56	SL1313	B	27	4		20160502	1	7	376	6.9	2.5	
20708	2	2015	8	25	0	84	Takanari	A	26	4		20160502	2	7	175			
20709	3	2015	8	25	0	41	SL1241	B	12	3		20160502	3	7	737			
20710	3	2015	8	25	0	57	SL1314	B	28	3		20160502	4	7	696			
20711	4	2015	8	25	0	4	SL1204	C	4	3		20160502	5	7	659			
20712	4	2015	8	25	0	55	SL1312	B	26	3		20160502	6	7	377			
20713	1	2015	8	25	2	51	SL1308	B	22	4	ｻﾝﾌﾟﾙ無	-	-	-	-	-	-	
20714	1	2015	8	25	2	67	SL1324	A	9	4	ｻﾝﾌﾟﾙ無	-	-	-	-	-	-	
20715	2	2015	8	25	2	9	SL1209	C	9	4		20160502	7	7	363			
20716	2	2015	8	25	2	10	SL1210	C	10	4		20160502	8	7	100			
20717	3	2015	8	25	2	26	SL1226	C	26	3		20160502	9	7	169			
20718	3	2015	8	25	2	39	SL1239	B	10	3		20160502	10	7	375			
20719	4	2015	8	25	2	34	SL1234	B	5	3		20160502	11	7	502			
20720	4	2015	8	25	2	36	SL1236	B	7	3		20160502	12	7	745			
20721	1	2015	8	25	4	45	SL1302	B	16	4	ｻﾝﾌﾟﾙ無	-	-	-	-	-	-	
20722	1	2015	8	25	4	43	Takanari	B	14	4	ｻﾝﾌﾟﾙ無	-	-	-	-	-	-	
20723	2	2015	8	25	4	37	SL1237	B	8	4	先端から1/3枯れ	20160502	13	7	201			
20724	2	2015	8	25	4	67	SL1324	A	9	4		20160502	14	7	68			
20725	3	2015	8	25	4	9	SL1209	C	9	3		20160502	15	7	635			
20726	3	2015	8	25	4	36	SL1236	B	7	3		20160502	16	7	635			
20727	4	2015	8	25	4	81	SL1338	A	23	3		20160502	17	7	189			
20728	4	2015	8	25	4	68	SL1325	A	10	3		20160502	18	7	457			
20729	1	2015	8	25	6	76	SL1333	A	18	4	ｻﾝﾌﾟﾙ無	-	-	-	-	-	-	
20730	1	2015	8	25	6	86	HP-b	A	28	4	ｻﾝﾌﾟﾙ無	-	-	-	-	-	-	
20731	2	2015	8	25	6	46	SL1303	B	17	4		20160502	19	7	404			
20732	2	2015	8	25	6	73	SL1330	A	15	4		20160502	20	7	180			
20733	3	2015	8	25	6	60	SL1317	A	2	3		20160502	21	7	794			
20734	3	2015	8	25	6	11	SL1211	C	11	3		20160502	22	7	218			
20735	4	2015	8	25	6	70	SL1327	A	12	3		20160502	23	7	135			
20736	4	2015	8	25	6	17	SL1217	C	17	3		20160502	24	7	406			
20737	1	2015	8	25	8	10	SL1210	C	10	4	ｻﾝﾌﾟﾙ無	-	-	-	-	-	-	
20738	1	2015	8	25	8	63	SL1320	A	5	4	ｻﾝﾌﾟﾙ無	-	-	-	-	-	-	
20739	2	2015	8	25	8	69	SL1326	A	11	4		20160502	25	7	582			
20740	2	2015	8	25	8	74	SL1331	A	16	4		20160502	26	7	101			
20741	3	2015	8	25	8	24	SL1224	C	24	3		20160502	27	7	90			
20742	3	2015	8	25	8	80	SL1337	A	22	3		20160502	28	7	193			
20743	4	2015	8	25	8	85	HP-a	A	27	3		20160502	29	8	362			
20744	4	2015	8	25	8	73	SL1330	A	15	3		20160502	30	8	762			
20745	1	2015	8	25	10	74	SL1331	A	16	5	ｻﾝﾌﾟﾙ無	-	-	-	-	-	-	
20746	1	2015	8	25	10	24	SL1224	C	24	5	ｻﾝﾌﾟﾙ無	-	-	-	-	-	-	
20747	2	2015	8	25	10	8	SL1208	C	8	4	ｻﾝﾌﾟﾙ無	-	-	-	-	-	-	
20748	2	2015	8	25	10	68	SL1325	A	10	4		20160502	31	8	668			
20749	3	2015	8	25	10	81	SL1338	A	23	3		20160502	32	8	730			
20750	3	2015	8	25	10	67	SL1324	A	9	3		20160502	33	8	575			
20751	4	2015	8	25	10	2	SL1202	C	2	3		20160502	34	8	516			
20752	4	2015	8	25	10	31	SL1231	B	2	3		20160502	35	8	687			
20753	1	2015	8	25	12	25	SL1225	C	25	5	ｻﾝﾌﾟﾙ無	-	-	-	-	-	-	
20754	1	2015	8	25	12	31	SL1231	B	2	5	ｻﾝﾌﾟﾙ無	-	-	-	-	-	-	
20755	2	2015	8	25	12	48	SL1305	B	19	4		20160502	36	8	286			
20756	2	2015	8	25	12	49	SL1306	B	20	4		20160502	37	8	417			
20757	3	2015	8	25	12	3	SL1203	C	3	3		20160502	38	8	600			
20758	3	2015	8	25	12	53	SL1310	B	24	3		20160502	39	8	490			
20759	4	2015	8	25	12	63	SL1320	A	5	3		20160502	40	8	258			
20760	4	2015	8	25	12	3	SL1203	C	3	3		20160502	41	8	500			
20761	1	2015	8	25	14	8	SL1208	C	8	5	ｻﾝﾌﾟﾙ無	-	-	-	-	-	-	
20762	1	2015	8	25	14	15	SL1215	C	15	5	ｻﾝﾌﾟﾙ無	-	-	-	-	-	-	
20763	2	2015	8	25	14	75	SL1332	A	17	4		20160502	42	8	337			
20764	2	2015	8	25	14	63	SL1320	A	5	4		20160502	43	8	524			
20765	3	2015	8	25	14	68	SL1325	A	10	3		20160502	44	8	291			
20766	3	2015	8	25	14	49	SL1306	B	20	3		20160502	45	8	718			
20767	4	2015	8	25	14	35	SL1235	B	6	3		20160502	46	8	727			
20768	4	2015	8	25	14	27	SL1227	C	27	3		20160502	47	8	488			
20769	1	2015	8	31	16	53	SL1310	B	24	5	ｻﾝﾌﾟﾙ無	-	-	-	-	-	-	
20770	1	2015	8	31	16	80	SL1337	A	22	5	ｻﾝﾌﾟﾙ無	-	-	-	-	-	-	
20771	2	2015	8	31	16	62	SL1319	A	4	4		20160502	48	8	553			
20772	2	2015	8	31	16	83	Koshihikari	A	25	4	先端枯れ	20160502	49	8	328			
20773	3	2015	8	31	16	4	SL1204	C	4	3		20160502	50	8	42			やや破砕不良
20774	3	2015	8	31	16	71	SL1328	A	13	3		20160502	51	8	281			
20775	4	2015	8	31	16	66	SL1323	A	8	3		20160502	52	8	360			
20776	4	2015	8	31	16	52	SL1309	B	23	3		20160502	53	8	435			
20777	1	2015	8	31	18	48	SL1305	B	19	5	ｻﾝﾌﾟﾙ無	-	-	-	-	-	-	
20778	1	2015	8	31	18	27	SL1227	C	27	5		20160502	54	8	408			
20779	2	2015	8	31	18	50	SL1307	B	21	4		20160502	55	8	374			
20780	2	2015	8	31	18	43	Takanari	B	14	4		20160502	56	8	290			
20781	3	2015	8	31	18	27	SL1227	C	27	3	ｻﾝﾌﾟﾙ無	-	-	-	-	-	-	
20782	3	2015	8	31	18	65	SL1322	A	7	3		20160502	57	8	534			
20783	4	2015	8	31	18	1	SL1201	C	1	3		20160502	58	8	389			
20784	4	2015	8	31	18	25	SL1225	C	25	3		20160502	59	8	181			
20785	1	2015	8	31	20	43	Takanari	B	14	5	ｻﾝﾌﾟﾙ無	-	-	-	-	-	-	
20786	1	2015	8	31	20	56	SL1313	B	27	5		20160502	60	8	226			
20787	2	2015	8	31	20	82	SL1339	A	24	4		20160516	29	8	166			破砕からやり直した
20788	2	2015	8	31	20	72	SL1329	A	14	4		20160502	61	8	333			やや破砕不良
20789	3	2015	8	31	20	9	SL1209	C	9	4		20160502	62	8	455			
20790	3	2015	8	31	20	56	SL1313	B	27	4	ｻﾝﾌﾟﾙ無	-	-	-	-	-	-	
20791	4	2015	8	31	20	62	SL1319	A	4	3		20160502	63	8	474			
20792	4	2015	8	31	20	20	SL1220	C	20	3		20160502	64	8	326	7.4	2.6	
20793	1	2015	8	31	22	42	Koshihikari	B	13	5	ｻﾝﾌﾟﾙ無	-	-	-	-	-	-	
20794	1	2015	8	31	22	49	SL1306	B	20	5	ｻﾝﾌﾟﾙ無	-	-	-	-	-	-	
20795	2	2015	8	31	22	2	SL1202	C	2	4	縦に1/4枯れ	20160506	1	8	470	6.9	1.1	
20796	2	2015	8	31	22	21	SL1221	C	21	4		20160506	2	8	441			
20797	3	2015	8	31	22	61	SL1318	A	3	4		20160506	3	8	141			
20798	3	2015	8	31	22	81	SL1338	A	23	4		20160506	4	8	272			
20799	4	2015	8	31	22	72	SL1329	A	14	3		20160506	5	8	327			
20800	4	2015	8	31	22	33	SL1233	B	4	3		20160506	6	8	383			
20801	1	2015	9	1	0	17	SL1217	C	17	5	ｻﾝﾌﾟﾙ無	-	-	-	-	-	-	
20802	1	2015	9	1	0	70	SL1327	A	12	5	ｻﾝﾌﾟﾙ無	-	-	-	-	-	-	
20803	2	2015	9	1	0	35	SL1235	B	6	4	先端枯れ	20160506	7	8	414			
20804	2	2015	9	1	0	11	SL1211	C	11	4		20160506	8	8	132			
20805	3	2015	9	1	0	6	SL1206	C	6	4		20160506	9	8	338			
20806	3	2015	9	1	0	43	Takanari	B	14	4		20160506	10	8	487			
20807	4	2015	9	1	0	65	SL1322	A	7	3		20160506	11	8	234			
20808	4	2015	9	1	0	10	SL1210	C	10	3		20160506	12	8	263			
20809	1	2015	9	1	2	46	SL1303	B	17	5	ｻﾝﾌﾟﾙ無	-	-	-	-	-	-	
20810	1	2015	9	1	2	72	SL1329	A	14	5	ｻﾝﾌﾟﾙ無	-	-	-	-	-	-	
20811	2	2015	9	1	2	54	SL1311	B	25	4	黄緑茶色枯れかけ	20160506	13	8	222			
20812	2	2015	9	1	2	64	SL1321	A	6	4		20160506	14	8	318			
20813	3	2015	9	1	2	30	SL1230	B	1	4		20160506	15	8	166			
20814	3	2015	9	1	2	67	SL1324	A	9	4		20160506	16	8	222			
20815	4	2015	9	1	2	86	HP-b	A	28	3		20160506	17	8	580			
20816	4	2015	9	1	2	76	SL1333	A	18	3		20160506	18	8	510			
20817	1	2015	9	1	4	61	SL1318	A	3	5	ｻﾝﾌﾟﾙ無	-	-	-	-	-	-	
20818	1	2015	9	1	4	65	SL1322	A	7	5		20160506	19	8	7			
20819	2	2015	9	1	4	39	SL1239	B	10	4	先端枯れ	20160506	20	8	164			
20820	2	2015	9	1	4	79	SL1336	A	21	4		20160506	21	8	131			
20821	3	2015	9	1	4	22	SL1222	C	22	4		20160506	22	8	621			
20822	3	2015	9	1	4	23	SL1223	C	23	4		20160506	23	8	296			
20823	4	2015	9	1	4	75	SL1332	A	17	3		20160506	24	8	636			
20824	4	2015	9	1	4	30	SL1230	B	1	3		20160506	25	8	384			
20825	1	2015	9	1	6	79	SL1336	A	21	5	ｻﾝﾌﾟﾙ無	-	-	-	-	-	-	
20826	1	2015	9	1	6	22	SL1222	C	22	5	ｻﾝﾌﾟﾙ無	-	-	-	-	-	-	
20827	2	2015	9	1	6	58	SL1315	B	29	4		20160506	26	8	346			
20828	2	2015	9	1	6	6	SL1206	C	6	4		20160506	27	8	118			破裂。少量ｻﾝﾌﾟﾙで抽出した
20829	3	2015	9	1	6	2	SL1202	C	2	4		20160506	28	8	310			
20830	3	2015	9	1	6	4	SL1204	C	4	4		20160506	29	8	586			
20831	4	2015	9	1	6	50	SL1307	B	21	3		20160506	30	8	354			
20832	4	2015	9	1	6	42	Koshihikari	B	13	3		20160506	31	8	352			
20833	1	2015	9	1	8	28	SL1228	C	28	5		20160506	32	8	485			
20834	1	2015	9	1	8	23	SL1223	C	23	5	ｻﾝﾌﾟﾙ無	-	-	-	-	-	-	
20835	2	2015	9	1	8	51	SL1308	B	22	4		20160506	33	8	474			最初DNAﾓｰﾄﾞでｽﾀｰﾄしたが5分後再ｽﾀｰﾄし問題なし（Promega確認済み）
20836	2	2015	9	1	8	86	HP-b	A	28	4	主に緑色だが、縦向きにまだらに紫色が入っていて、中央脈も紫色（写真有）	20160516	30	8	411	6.9	1.9	"(1回目)最初DNAﾓｰﾄﾞでｽﾀｰﾄしたが5分後再ｽﾀｰﾄし問題なし（Promega確認済み）｡ID837を若干混入させてしまった
(2回目)破砕からやり直した"
20837	3	2015	9	1	8	55	SL1312	B	26	4		20160506	35	8	447			最初DNAﾓｰﾄﾞでｽﾀｰﾄしたが5分後再ｽﾀｰﾄし問題なし（Promega確認済み）
20838	3	2015	9	1	8	71	SL1328	A	13	4		20160506	36	8	614			最初DNAﾓｰﾄﾞでｽﾀｰﾄしたが5分後再ｽﾀｰﾄし問題なし（Promega確認済み）
20839	4	2015	9	1	8	44	SL1301	B	15	3		20160506	37	8	332			最初DNAﾓｰﾄﾞでｽﾀｰﾄしたが5分後再ｽﾀｰﾄし問題なし（Promega確認済み）
20840	4	2015	9	1	8	28	SL1228	C	28	3	ｻﾝﾌﾟﾙ無	-	-	-	-	-	-	
20841	1	2015	9	1	10	69	SL1326	A	11	5	ｻﾝﾌﾟﾙ無	-	-	-	-	-	-	
20842	1	2015	9	1	10	32	SL1232	B	3	5	ｻﾝﾌﾟﾙ無	-	-	-	-	-	-	
20843	2	2015	9	1	10	55	SL1312	B	26	4		20160506	38	8	76			最初DNAﾓｰﾄﾞでｽﾀｰﾄしたが5分後再ｽﾀｰﾄし問題なし（Promega確認済み）
20844	2	2015	9	1	10	71	SL1328	A	13	4		20160506	39	8	237			最初DNAﾓｰﾄﾞでｽﾀｰﾄしたが5分後再ｽﾀｰﾄし問題なし（Promega確認済み）
20845	3	2015	9	1	10	53	SL1310	B	24	4		20160506	40	8	395			最初DNAﾓｰﾄﾞでｽﾀｰﾄしたが5分後再ｽﾀｰﾄし問題なし（Promega確認済み）
20846	3	2015	9	1	10	51	SL1308	B	22	4		20160506	41	8	384			最初DNAﾓｰﾄﾞでｽﾀｰﾄしたが5分後再ｽﾀｰﾄし問題なし（Promega確認済み）
20847	4	2015	9	1	10	71	SL1328	A	13	3		20160506	42	8	473			最初DNAﾓｰﾄﾞでｽﾀｰﾄしたが5分後再ｽﾀｰﾄし問題なし（Promega確認済み）
20848	4	2015	9	1	10	16	SL1216	C	16	3		20160506	43	8	251			最初DNAﾓｰﾄﾞでｽﾀｰﾄしたが5分後再ｽﾀｰﾄし問題なし（Promega確認済み）
20849	1	2015	9	1	12	39	SL1239	B	10	5	ｻﾝﾌﾟﾙ無	-	-	-	-	-	-	
20850	1	2015	9	1	12	36	SL1236	B	7	5	ｻﾝﾌﾟﾙ無	-	-	-	-	-	-	
20851	2	2015	9	1	12	40	SL1240	B	11	4		20160506	44	8	337			最初DNAﾓｰﾄﾞでｽﾀｰﾄしたが5分後再ｽﾀｰﾄし問題なし（Promega確認済み）
20852	2	2015	9	1	12	14	SL1214	C	14	4		20160506	45	8	356			最初DNAﾓｰﾄﾞでｽﾀｰﾄしたが5分後再ｽﾀｰﾄし問題なし（Promega確認済み）
20853	3	2015	9	1	12	8	SL1208	C	8	4		20160506	46	8	529			最初DNAﾓｰﾄﾞでｽﾀｰﾄしたが5分後再ｽﾀｰﾄし問題なし（Promega確認済み）
20854	3	2015	9	1	12	33	SL1233	B	4	4		20160506	47	8	401			最初DNAﾓｰﾄﾞでｽﾀｰﾄしたが5分後再ｽﾀｰﾄし問題なし（Promega確認済み）
20855	4	2015	9	1	12	59	SL1316	A	1	3		20160506	48	8	239	6.8	1.1	最初DNAﾓｰﾄﾞでｽﾀｰﾄしたが5分後再ｽﾀｰﾄし問題なし（Promega確認済み）
20856	4	2015	9	1	12	53	SL1310	B	24	3		20160509	1	8	474	4.9	1.2	
20857	1	2015	9	1	14	45	SL1302	B	16	5	ｻﾝﾌﾟﾙ無	-	-	-	-	-	-	
20858	1	2015	9	1	14	68	SL1325	A	10	5	ｻﾝﾌﾟﾙ無	-	-	-	-	-	-	
20859	2	2015	9	1	14	7	SL1207	C	7	4	ｻﾝﾌﾟﾙ無	-	-	-	-	-	-	
20860	2	2015	9	1	14	23	SL1223	C	23	4		20160509	2	8	444			
20861	3	2015	9	1	14	46	SL1303	B	17	4		20160509	3	8	526			
20862	3	2015	9	1	14	80	SL1337	A	22	4		20160509	4	8	440			
20863	4	2015	9	1	14	18	SL1218	C	18	3		20160509	5	8	384			
20864	4	2015	9	1	14	40	SL1240	B	11	3		20160509	6	8	521			
20865	1	2015	9	7	16	2	SL1202	C	2	5	ｻﾝﾌﾟﾙ無	-	-	-	-	-	-	
20866	1	2015	9	7	16	75	SL1332	A	17	5	ｻﾝﾌﾟﾙ無	-	-	-	-	-	-	
20867	2	2015	9	7	16	32	SL1232	B	3	4	ｻﾝﾌﾟﾙ無	-	-	-	-	-	-	
20868	2	2015	9	7	16	77	SL1334	A	19	4		20160509	7	8	310			
20869	3	2015	9	7	16	59	SL1316	A	1	4		20160509	8	8	157			
20870	3	2015	9	7	16	57	SL1314	B	28	4		20160509	9	8	134			
20871	4	2015	9	7	16	54	SL1311	B	25	3		20160509	10	8	8			
20872	4	2015	9	7	16	19	SL1219	C	19	3	ｻﾝﾌﾟﾙ無	-	-	-	-	-	-	
20873	1	2015	9	7	18	64	SL1321	A	6	5	ｻﾝﾌﾟﾙ無	-	-	-	-	-	-	
20874	1	2015	9	7	18	30	SL1230	B	1	5	ｻﾝﾌﾟﾙ無	-	-	-	-	-	-	
20875	2	2015	9	7	18	59	SL1316	A	1	4	ｻﾝﾌﾟﾙ無	-	-	-	-	-	-	
20876	2	2015	9	7	18	3	SL1203	C	3	4	ｻﾝﾌﾟﾙ無	-	-	-	-	-	-	
20877	3	2015	9	7	18	38	SL1238	B	9	4		20160509	11	8	160			
20878	3	2015	9	7	18	34	SL1234	B	5	4		20160509	12	8	179			
20879	4	2015	9	7	18	9	SL1209	C	9	3		20160509	13	8	317			
20880	4	2015	9	7	18	61	SL1318	A	3	3		20160509	14	8	141			
20881	1	2015	9	7	20	58	SL1315	B	29	5	ｻﾝﾌﾟﾙ無	-	-	-	-	-	-	
20882	1	2015	9	7	20	83	Koshihikari	A	25	5	ｻﾝﾌﾟﾙ無	-	-	-	-	-	-	
20883	2	2015	9	7	20	12	SL1212	C	12	4	ｻﾝﾌﾟﾙ無	-	-	-	-	-	-	
20884	2	2015	9	7	20	85	HP-a	A	27	4	ｻﾝﾌﾟﾙ無	-	-	-	-	-	-	
20885	3	2015	9	7	20	62	SL1319	A	4	4		20160509	15	8	325			
20886	3	2015	9	7	20	36	SL1236	B	7	4		20160509	16	8	42			
20887	4	2015	9	7	20	49	SL1306	B	20	3		20160509	17	9	388			
20888	4	2015	9	7	20	46	SL1303	B	17	3		20160509	18	9	87			
20889	1	2015	9	7	22	60	SL1317	A	2	5	ｻﾝﾌﾟﾙ無	-	-	-	-	-	-	
20890	1	2015	9	7	22	82	SL1339	A	24	5	ｻﾝﾌﾟﾙ無	-	-	-	-	-	-	
20891	2	2015	9	7	22	45	SL1302	B	16	4	ｻﾝﾌﾟﾙ無	-	-	-	-	-	-	
20892	2	2015	9	7	22	19	SL1219	C	19	4	ｻﾝﾌﾟﾙ無	-	-	-	-	-	-	
20893	3	2015	9	7	22	86	HP-b	A	28	4	葉の根元に病斑（薬剤？）（写真有）	20160509	19	9	93	7.9	3.2	
20894	3	2015	9	7	22	47	SL1304	B	18	4		20160509	20	9	386			
20895	4	2015	9	7	22	37	SL1237	B	8	3		20160509	21	9	341			
20896	4	2015	9	7	22	13	SL1213	C	13	3		20160509	22	9	314			
20897	1	2015	9	8	0	62	SL1319	A	4	5	ｻﾝﾌﾟﾙ無	-	-	-	-	-	-	
20898	1	2015	9	8	0	16	SL1216	C	16	5	ｻﾝﾌﾟﾙ無	-	-	-	-	-	-	
20899	2	2015	9	8	0	34	SL1234	B	5	4	ｻﾝﾌﾟﾙ無	-	-	-	-	-	-	
20900	2	2015	9	8	0	4	SL1204	C	4	4	ｻﾝﾌﾟﾙ無	-	-	-	-	-	-	
20901	3	2015	9	8	0	11	SL1211	C	11	4		20160509	23	9	446			
20902	3	2015	9	8	0	45	SL1302	B	16	4		20160509	24	9	795			
20903	4	2015	9	8	0	22	SL1222	C	22	3		20160509	25	9	192			
20904	4	2015	9	8	0	77	SL1334	A	19	3		20160509	26	9	133			
20905	1	2015	9	8	2	18	SL1218	C	18	5	ｻﾝﾌﾟﾙ無	-	-	-	-	-	-	
20906	1	2015	9	8	2	14	SL1214	C	14	5		20160509	27	9	303			
20907	2	2015	9	8	2	41	SL1241	B	12	4	ｻﾝﾌﾟﾙ無	-	-	-	-	-	-	
20908	2	2015	9	8	2	38	SL1238	B	9	4	ｻﾝﾌﾟﾙ無	-	-	-	-	-	-	
20909	3	2015	9	8	2	14	SL1214	C	14	4	ｻﾝﾌﾟﾙ無	-	-	-	-	-	-	
20910	3	2015	9	8	2	68	SL1325	A	10	4		20160509	28	9	352			
20911	4	2015	9	8	2	58	SL1315	B	29	3		20160509	29	9	223			
20912	4	2015	9	8	2	24	SL1224	C	24	3		20160509	30	9	562			
20913	1	2015	9	8	4	6	SL1206	C	6	5	ｻﾝﾌﾟﾙ無	-	-	-	-	-	-	
20914	1	2015	9	8	4	35	SL1235	B	6	5	ｻﾝﾌﾟﾙ無	-	-	-	-	-	-	
20915	2	2015	9	8	4	18	SL1218	C	18	4	ｻﾝﾌﾟﾙ無	-	-	-	-	-	-	
20916	2	2015	9	8	4	53	SL1310	B	24	4	ｻﾝﾌﾟﾙ無	-	-	-	-	-	-	
20917	3	2015	9	8	4	39	SL1239	B	10	4		20160509	31	9	263			
20918	3	2015	9	8	4	60	SL1317	A	2	4		20160509	32	9	138			
20919	4	2015	9	8	4	38	SL1238	B	9	3		20160509	33	9	174			
20920	4	2015	9	8	4	79	SL1336	A	21	3		20160509	34	9	291			
20921	1	2015	9	8	6	55	SL1312	B	26	5	ｻﾝﾌﾟﾙ無	-	-	-	-	-	-	
20922	1	2015	9	8	6	34	SL1234	B	5	5	ｻﾝﾌﾟﾙ無	-	-	-	-	-	-	
20923	2	2015	9	8	6	16	SL1216	C	16	4	ｻﾝﾌﾟﾙ無	-	-	-	-	-	-	
20924	2	2015	9	8	6	13	SL1213	C	13	4	ｻﾝﾌﾟﾙ無	-	-	-	-	-	-	
20925	3	2015	9	8	6	52	SL1309	B	23	4		20160509	35	9	214			
20926	3	2015	9	8	6	70	SL1327	A	12	4		20160509	36	9	129			
20927	4	2015	9	8	6	84	Takanari	A	26	3		20160509	37	9	309			
20928	4	2015	9	8	6	82	SL1339	A	24	3		20160509	38	9	409			
20929	1	2015	9	8	8	9	SL1209	C	9	5	ｻﾝﾌﾟﾙ無	-	-	-	-	-	-	
20930	1	2015	9	8	8	81	SL1338	A	23	5	ｻﾝﾌﾟﾙ無	-	-	-	-	-	-	
20931	2	2015	9	8	8	70	SL1327	A	12	4	ｻﾝﾌﾟﾙ無	-	-	-	-	-	-	
20932	2	2015	9	8	8	42	Koshihikari	B	13	4	ｻﾝﾌﾟﾙ無	-	-	-	-	-	-	
20933	3	2015	9	8	8	1	SL1201	C	1	4		20160509	39	9	178			
20934	3	2015	9	8	8	84	Takanari	A	26	4		20160509	40	9	187			
20935	4	2015	9	8	8	6	SL1206	C	6	3		20160509	41	9	342			
20936	4	2015	9	8	8	56	SL1313	B	27	3		20160509	42	9	288			
20937	1	2015	9	8	10	38	SL1238	B	9	5	ｻﾝﾌﾟﾙ無	-	-	-	-	-	-	
20938	1	2015	9	8	10	85	HP-a	A	27	5	ｻﾝﾌﾟﾙ無	-	-	-	-	-	-	
20939	2	2015	9	8	10	48	SL1305	B	19	5	ｻﾝﾌﾟﾙ無	-	-	-	-	-	-	
20940	2	2015	9	8	10	18	SL1218	C	18	5	ｻﾝﾌﾟﾙ無	-	-	-	-	-	-	
20941	3	2015	9	8	10	5	SL1205	C	5	4		20160509	43	9	325			
20942	3	2015	9	8	10	83	Koshihikari	A	25	4	先端から1/3枯れ、黄緑色	20160509	44	9	442			
20943	4	2015	9	8	10	43	Takanari	B	14	3		20160509	45	9	449			
20944	4	2015	9	8	10	39	SL1239	B	10	3		20160509	46	9	332			
20945	1	2015	9	8	12	12	SL1212	C	12	5	ｻﾝﾌﾟﾙ無	-	-	-	-	-	-	
20946	1	2015	9	8	12	41	SL1241	B	12	5	ｻﾝﾌﾟﾙ無	-	-	-	-	-	-	
20947	2	2015	9	8	12	84	Takanari	A	26	5	ｻﾝﾌﾟﾙ無	-	-	-	-	-	-	
20948	2	2015	9	8	12	30	SL1230	B	1	5	ｻﾝﾌﾟﾙ無	-	-	-	-	-	-	
20949	3	2015	9	8	12	3	SL1203	C	3	4		20160509	47	9	358			
20950	3	2015	9	8	12	10	SL1210	C	10	4		20160509	48	9	511	7	2.5	
20951	4	2015	9	8	12	12	SL1212	C	12	3		20160510	1	9	256	7.3	1.7	
20952	4	2015	9	8	12	26	SL1226	C	26	3		20160510	2	9	386			
20953	1	2015	9	8	14	71	SL1328	A	13	5	ｻﾝﾌﾟﾙ無	-	-	-	-	-	-	
20954	1	2015	9	8	14	59	SL1316	A	1	5	ｻﾝﾌﾟﾙ無	-	-	-	-	-	-	
20955	2	2015	9	8	14	77	SL1334	A	19	5	ｻﾝﾌﾟﾙ無	-	-	-	-	-	-	
20956	2	2015	9	8	14	1	SL1201	C	1	5	ｻﾝﾌﾟﾙ無	-	-	-	-	-	-	
20957	3	2015	9	8	14	41	SL1241	B	12	4		20160510	3	9	253			
20958	3	2015	9	8	14	64	SL1321	A	6	4		20160510	4	9	495			
20959	4	2015	9	8	14	15	SL1215	C	15	3		20160510	5	9	437			
20960	4	2015	9	8	14	80	SL1337	A	22	3		20160510	6		461			
20961	1	2015	9	14	16	73	SL1330	A	15	5	ｻﾝﾌﾟﾙ無	-	-	-	-	-	-	
20962	1	2015	9	14	16	3	SL1203	C	3	5	ｻﾝﾌﾟﾙ無	-	-	-	-	-	-	
20963	2	2015	9	14	16	71	SL1328	A	13	5		20160510	7	9	192			
20964	2	2015	9	14	16	50	SL1307	B	21	5	ｻﾝﾌﾟﾙ無	-	-	-	-	-	-	
20965	3	2015	9	14	16	77	SL1334	A	19	4	先端から1/2枯れ	20160510	8	9	93			
20966	3	2015	9	14	16	13	SL1213	C	13	4	ｻﾝﾌﾟﾙ無	-	-	-	-	-	-	
20967	4	2015	9	14	16	14	SL1214	C	14	3	先端から1/3枯れ、黄緑色	20160510	9	9	335			
20968	4	2015	9	14	16	23	SL1223	C	23	3	先端から1/3枯れ、黄緑色	20160510	10	9	51			
20969	1	2015	9	14	18	20	SL1220	C	20	5	ｻﾝﾌﾟﾙ無	-	-	-	-	-	-	
20970	1	2015	9	14	18	26	SL1226	C	26	5	ｻﾝﾌﾟﾙ無	-	-	-	-	-	-	
20971	2	2015	9	14	18	7	SL1207	C	7	5	ｻﾝﾌﾟﾙ無	-	-	-	-	-	-	
20972	2	2015	9	14	18	4	SL1204	C	4	5	ｻﾝﾌﾟﾙ無	-	-	-	-	-	-	
20973	3	2015	9	14	18	58	SL1315	B	29	4		20160510	11	9	230			
20974	3	2015	9	14	18	27	SL1227	C	27	4		20160510	12	9	155			
20975	4	2015	9	14	18	64	SL1321	A	6	3		20160510	13	9	14			
20976	4	2015	9	14	18	11	SL1211	C	11	3	先端から1/3枯れ、黄緑色	20160510	14	9	132			
20977	1	2015	9	14	20	37	SL1237	B	8	5	ｻﾝﾌﾟﾙ無	-	-	-	-	-	-	
20978	1	2015	9	14	20	10	SL1210	C	10	5	ｻﾝﾌﾟﾙ無	-	-	-	-	-	-	
20979	2	2015	9	14	20	61	SL1318	A	3	5	ｻﾝﾌﾟﾙ無	-	-	-	-	-	-	
20980	2	2015	9	14	20	17	SL1217	C	17	5	ｻﾝﾌﾟﾙ無	-	-	-	-	-	-	
20981	3	2015	9	14	20	50	SL1307	B	21	4		20160510	15	9	80			
20982	3	2015	9	14	20	29	SL1229	C	29	4	先端から1/3枯れ、黄緑色	20160510	16	9	224			
20983	4	2015	9	14	20	75	SL1332	A	17	4		20160510	17	9	86			
20984	4	2015	9	14	20	52	SL1309	B	23	4		20160510	18	9	142			
20985	1	2015	9	14	22	66	SL1323	A	8	5	ｻﾝﾌﾟﾙ無	-	-	-	-	-	-	
20986	1	2015	9	14	22	29	SL1229	C	29	5	ｻﾝﾌﾟﾙ無	-	-	-	-	-	-	
20987	2	2015	9	14	22	22	SL1222	C	22	5		20160510	19	9	26			
20988	2	2015	9	14	22	59	SL1316	A	1	5	ｻﾝﾌﾟﾙ無	-	-	-	-	-	-	
20989	3	2015	9	14	22	65	SL1322	A	7	4	先端から1/3枯れ、黄緑色	20160510	20	9	121			
20990	3	2015	9	14	22	25	SL1225	C	25	4		20160510	21	9	256			
20991	4	2015	9	14	22	41	SL1241	B	12	4	先端枯れ	20160510	22	9	169			
20992	4	2015	9	14	22	51	SL1308	B	22	4	ｻﾝﾌﾟﾙ無	-	-	-	-	-	-	
20993	1	2015	9	15	0	47	SL1304	B	18	5	ｻﾝﾌﾟﾙ無	-	-	-	-	-	-	
20994	1	2015	9	15	0	1	SL1201	C	1	5	ｻﾝﾌﾟﾙ無	-	-	-	-	-	-	
20995	2	2015	9	15	0	86	HP-b	A	28	5	ｻﾝﾌﾟﾙ無	-	-	-	-	-	-	
20996	2	2015	9	15	0	85	HP-a	A	27	5	ｻﾝﾌﾟﾙ無	-	-	-	-	-	-	
20997	3	2015	9	15	0	44	SL1301	B	15	4		20160510	23	9	28			
20998	3	2015	9	15	0	32	SL1232	B	3	4		20160510	24	9	185			
20999	4	2015	9	15	0	81	SL1338	A	23	4		20160510	25	9	184			
21000	4	2015	9	15	0	61	SL1318	A	3	4		20160510	26	9	128			
21001	1	2015	9	15	2	7	SL1207	C	7	5	ｻﾝﾌﾟﾙ無	-	-	-	-	-	-	
21002	1	2015	9	15	2	76	SL1333	A	18	5	ｻﾝﾌﾟﾙ無	-	-	-	-	-	-	
21003	2	2015	9	15	2	58	SL1315	B	29	5	ｻﾝﾌﾟﾙ無	-	-	-	-	-	-	
21004	2	2015	9	15	2	70	SL1327	A	12	5	ｻﾝﾌﾟﾙ無	-	-	-	-	-	-	
21005	3	2015	9	15	2	35	SL1235	B	6	4		20160510	27	9	93			
21006	3	2015	9	15	2	20	SL1220	C	20	4	1/2枯れかけ、黄緑色	20160510	28	9	177			
21007	4	2015	9	15	2	28	SL1228	C	28	4	黄緑色、枯れかけ	20160510	29	9	186			
21008	4	2015	9	15	2	35	SL1235	B	6	4		20160510	30	9	440			
21009	1	2015	9	15	4	63	SL1320	A	5	5	ｻﾝﾌﾟﾙ無	-	-	-	-	-	-	
21010	1	2015	9	15	4	86	HP-b	A	28	5	ｻﾝﾌﾟﾙ無	-	-	-	-	-	-	
21011	2	2015	9	15	4	33	SL1233	B	4	5	ｻﾝﾌﾟﾙ無	-	-	-	-	-	-	
21012	2	2015	9	15	4	6	SL1206	C	6	5	ｻﾝﾌﾟﾙ無	-	-	-	-	-	-	
21013	3	2015	9	15	4	40	SL1240	B	11	4	殆ど枯れている（写真有）	20160510	31	9	58			
21014	3	2015	9	15	4	76	SL1333	A	18	4		20160510	32	9	117			
21015	4	2015	9	15	4	86	HP-b	A	28	4	1/3ぐらい縦に枯れている	20160510	33	9	226			
21016	4	2015	9	15	4	59	SL1316	A	1	4		20160510	34	9	189			
21017	1	2015	9	15	6	54	SL1311	B	25	5	ｻﾝﾌﾟﾙ無	-	-	-	-	-	-	
21018	1	2015	9	15	6	84	Takanari	A	26	5	ｻﾝﾌﾟﾙ無	-	-	-	-	-	-	
21019	2	2015	9	15	6	27	SL1227	C	27	5	ｻﾝﾌﾟﾙ無	-	-	-	-	-	-	
21020	2	2015	9	15	6	52	SL1309	B	23	5	ｻﾝﾌﾟﾙ無	-	-	-	-	-	-	
21021	3	2015	9	15	6	69	SL1326	A	11	4		20160510	35	9	14			
21022	3	2015	9	15	6	66	SL1323	A	8	4		20160510	36	9	34			
21023	4	2015	9	15	6	25	SL1225	C	25	4		20160510	37	9	311			やや破砕不良
21024	4	2015	9	15	6	26	SL1226	C	26	4		20160510	38	9	20			
21025	1	2015	9	15	8	19	SL1219	C	19	5	ｻﾝﾌﾟﾙ無	-	-	-	-	-	-	
21026	1	2015	9	15	8	67	SL1324	A	9	5	ｻﾝﾌﾟﾙ無	-	-	-	-	-	-	
21027	2	2015	9	15	8	51	SL1308	B	22	5	ｻﾝﾌﾟﾙ無	-	-	-	-	-	-	
21028	2	2015	9	15	8	49	SL1306	B	20	5	ｻﾝﾌﾟﾙ無	-	-	-	-	-	-	
21029	3	2015	9	15	8	21	SL1221	C	21	4		20160510	39	9	280			
21030	3	2015	9	15	8	12	SL1212	C	12	4	先端から1/3枯れ	20160510	40	9	177			
21031	4	2015	9	15	8	54	SL1311	B	25	4	1/3ぐらい縦に枯れている	20160510	41	9	247	7.1	1.7	破砕残渣より再抽出したもの
21032	4	2015	9	15	8	32	SL1232	B	3	4	先端枯れ	20160510	42	9	38	6.6	1.4	破砕残渣より再抽出したもの
21033	1	2015	9	15	10	57	SL1314	B	28	5	ｻﾝﾌﾟﾙ無	-	-	-	-	-	-	
21034	1	2015	9	15	10	78	SL1335	A	20	5	ｻﾝﾌﾟﾙ無	-	-	-	-	-	-	
21035	2	2015	9	15	10	19	SL1219	C	19	5		20160510	43	9	137			
21036	2	2015	9	15	10	47	SL1304	B	18	5	ｻﾝﾌﾟﾙ無	-	-	-	-	-	-	
21037	3	2015	9	15	10	63	SL1320	A	5	4		20160510	44	9	441			
21038	3	2015	9	15	10	7	SL1207	C	7	4		20160510	45	9	588			
21039	4	2015	9	15	10	78	SL1335	A	20	4		20160510	46	9	675			
21040	4	2015	9	15	10	48	SL1305	B	19	4	ｻﾝﾌﾟﾙ無	-	-	-	-	-	-	
21041	1	2015	9	15	12	52	SL1309	B	23	5	ｻﾝﾌﾟﾙ無	-	-	-	-	-	-	
21042	1	2015	9	15	12	50	SL1307	B	21	5	ｻﾝﾌﾟﾙ無	-	-	-	-	-	-	
21043	2	2015	9	15	12	76	SL1333	A	18	5	ｻﾝﾌﾟﾙ無	-	-	-	-	-	-	
21044	2	2015	9	15	12	64	SL1321	A	6	5	ｻﾝﾌﾟﾙ無	-	-	-	-	-	-	
21045	3	2015	9	15	12	49	SL1306	B	20	4		20160510	47	9	328			
21046	3	2015	9	15	12	16	SL1216	C	16	4		20160510	48	9	106			
21047	4	2015	9	15	12	58	SL1315	B	29	4		20160510	49	9	283			
21048	4	2015	9	15	12	85	HP-a	A	27	4		20160510	50	9	249			
21049	1	2015	9	15	14	77	SL1334	A	19	5	ｻﾝﾌﾟﾙ無	-	-	-	-	-	-	
21050	1	2015	9	15	14	11	SL1211	C	11	5	ｻﾝﾌﾟﾙ無	-	-	-	-	-	-	
21051	2	2015	9	15	14	56	SL1313	B	27	5	ｻﾝﾌﾟﾙ無	-	-	-	-	-	-	
21052	2	2015	9	15	14	36	SL1236	B	7	5	ｻﾝﾌﾟﾙ無	-	-	-	-	-	-	
21053	3	2015	9	15	14	79	SL1336	A	21	4	枯れかけ	20160510	51	9	299			
21054	3	2015	9	15	14	85	HP-a	A	27	4	全体的に枯れかけ	20160510	52	9	728			
21055	4	2015	9	15	14	11	SL1211	C	11	4		20160510	53	9	309			
21056	4	2015	9	15	14	15	SL1215	C	15	4		20160510	54	9	163			
21057	1	2015	9	21	16	5	SL1205	C	5	5		20160510	55	9	201			
21058	1	2015	9	21	16	51	SL1308	B	22	5	ｻﾝﾌﾟﾙ無	-	-	-	-	-	-	
21059	2	2015	9	21	16	29	SL1229	C	29	5	ｻﾝﾌﾟﾙ無	-	-	-	-	-	-	
21060	2	2015	9	21	16	67	SL1324	A	9	5	ｻﾝﾌﾟﾙ無	-	-	-	-	-	-	
21061	3	2015	9	21	16	78	SL1335	A	20	4	ｻﾝﾌﾟﾙ無	-	-	-	-	-	-	
21062	3	2015	9	21	16	42	Koshihikari	B	13	4		20160510	56	9	115			
21063	4	2015	9	21	16	63	SL1320	A	5	4	ｻﾝﾌﾟﾙ無	-	-	-	-	-	-	
21064	4	2015	9	21	16	42	Koshihikari	B	13	4	ｻﾝﾌﾟﾙ無	-	-	-	-	-	-	
21065	1	2015	9	21	18	40	SL1240	B	11	5	ｻﾝﾌﾟﾙ無	-	-	-	-	-	-	
21066	1	2015	9	21	18	44	SL1301	B	15	5	ｻﾝﾌﾟﾙ無	-	-	-	-	-	-	
21067	2	2015	9	21	18	60	SL1317	A	2	5	ｻﾝﾌﾟﾙ無	-	-	-	-	-	-	
21068	2	2015	9	21	18	3	SL1203	C	3	5	ｻﾝﾌﾟﾙ無	-	-	-	-	-	-	
21069	3	2015	9	21	18	26	SL1226	C	26	4	ｻﾝﾌﾟﾙ無	-	-	-	-	-	-	
21070	3	2015	9	21	18	37	SL1237	B	8	4	ｻﾝﾌﾟﾙ無	-	-	-	-	-	-	
21071	4	2015	9	21	18	76	SL1333	A	18	4		20160510	57	9	347			
21072	4	2015	9	21	18	43	Takanari	B	14	4		20160510	58	9	91			
21073	1	2015	9	21	20	21	SL1221	C	21	5	ｻﾝﾌﾟﾙ無	-	-	-	-	-	-	
21074	1	2015	9	21	20	33	SL1233	B	4	5	ｻﾝﾌﾟﾙ無	-	-	-	-	-	-	
21075	2	2015	9	21	20	75	SL1332	A	17	5	ｻﾝﾌﾟﾙ無	-	-	-	-	-	-	
21076	2	2015	9	21	20	38	SL1238	B	9	5	ｻﾝﾌﾟﾙ無	-	-	-	-	-	-	
21077	3	2015	9	21	20	48	SL1305	B	19	4	ｻﾝﾌﾟﾙ無	-	-	-	-	-	-	
21078	3	2015	9	21	20	15	SL1215	C	15	4	ｻﾝﾌﾟﾙ無	-	-	-	-	-	-	
21079	4	2015	9	21	20	18	SL1218	C	18	4		20160510	59	9	41			
21080	4	2015	9	21	20	9	SL1209	C	9	4	先端から1/3枯れ	20160510	60	9	67			
21081	1	2015	9	21	22	4	SL1204	C	4	5	ｻﾝﾌﾟﾙ無	-	-	-	-	-	-	
21082	1	2015	9	21	22	13	SL1213	C	13	5	ｻﾝﾌﾟﾙ無	-	-	-	-	-	-	
21083	2	2015	9	21	22	82	SL1339	A	24	5	ｻﾝﾌﾟﾙ無	-	-	-	-	-	-	
21084	2	2015	9	21	22	21	SL1221	C	21	5	ｻﾝﾌﾟﾙ無	-	-	-	-	-	-	
21085	3	2015	9	21	22	54	SL1311	B	25	4	ｻﾝﾌﾟﾙ無	-	-	-	-	-	-	
21086	3	2015	9	21	22	72	SL1329	A	14	4	ｻﾝﾌﾟﾙ無	-	-	-	-	-	-	
21087	4	2015	9	21	22	27	SL1227	C	27	4		20160510	61	9	254			
21088	4	2015	9	21	22	53	SL1310	B	24	4		20160510	62	9	347			
21089	1	2015	9	22	0	21	SL1221	C	21	1	ｻﾝﾌﾟﾙ無	-	-	-	-	-	-	
21090	1	2015	9	22	0	83	Koshihikari	A	25	1	ｻﾝﾌﾟﾙ無	-	-	-	-	-	-	
21091	2	2015	9	22	0	11	SL1211	C	11	5	ｻﾝﾌﾟﾙ無	-	-	-	-	-	-	
21092	2	2015	9	22	0	26	SL1226	C	26	5	ｻﾝﾌﾟﾙ無	-	-	-	-	-	-	
21093	3	2015	9	22	0	74	SL1331	A	16	4	ｻﾝﾌﾟﾙ無	-	-	-	-	-	-	
21094	3	2015	9	22	0	82	SL1339	A	24	4	ｻﾝﾌﾟﾙ無	-	-	-	-	-	-	
21095	4	2015	9	22	0	6	SL1206	C	6	4		20160510	63	9	189			
21096	4	2015	9	22	0	30	SL1230	B	1	4	先端枯れ、全体的に黄緑色	20160510	64	9	318			
21097	1	2015	9	22	2	7	SL1207	C	7	1	ｻﾝﾌﾟﾙ無	-	-	-	-	-	-	
21098	1	2015	9	22	2	12	SL1212	C	12	1	ｻﾝﾌﾟﾙ無	-	-	-	-	-	-	
21099	2	2015	9	22	2	10	SL1210	C	10	5	ｻﾝﾌﾟﾙ無	-	-	-	-	-	-	
21100	2	2015	9	22	2	35	SL1235	B	6	5	ｻﾝﾌﾟﾙ無	-	-	-	-	-	-	
21101	3	2015	9	22	2	73	SL1330	A	15	4	ｻﾝﾌﾟﾙ無	-	-	-	-	-	-	
21102	3	2015	9	22	2	31	SL1231	B	2	4	ｻﾝﾌﾟﾙ無	-	-	-	-	-	-	
21103	4	2015	9	22	2	23	SL1223	C	23	4	1/3ぐらい縦に枯れている	20160512	1	9	163	8.3	2.8	
21104	4	2015	9	22	2	3	SL1203	C	3	4	先端から1/2枯れ	20160512	2	9	121			
21105	1	2015	9	22	4	25	SL1225	C	25	1	ｻﾝﾌﾟﾙ無	-	-	-	-	-	-	
21106	1	2015	9	22	4	16	SL1216	C	16	1	ｻﾝﾌﾟﾙ無	-	-	-	-	-	-	
21107	2	2015	9	22	4	65	SL1322	A	7	5	ｻﾝﾌﾟﾙ無	-	-	-	-	-	-	
21108	2	2015	9	22	4	28	SL1228	C	28	5	ｻﾝﾌﾟﾙ無	-	-	-	-	-	-	
21109	3	2015	9	22	4	24	SL1224	C	24	4	ｻﾝﾌﾟﾙ無	-	-	-	-	-	-	
21110	3	2015	9	22	4	18	SL1218	C	18	4	ｻﾝﾌﾟﾙ無	-	-	-	-	-	-	
21111	4	2015	9	22	4	74	SL1331	A	16	4	先端から1/2枯れ	20160512	3	9	137			
21112	4	2015	9	22	4	8	SL1208	C	8	4		20160512	4	9	207			
21113	1	2015	9	22	6	34	SL1234	B	5	1	ｻﾝﾌﾟﾙ無	-	-	-	-	-	-	
21114	1	2015	9	22	6	43	Takanari	B	14	1	ｻﾝﾌﾟﾙ無	-	-	-	-	-	-	
21115	2	2015	9	22	6	20	SL1220	C	20	5	ｻﾝﾌﾟﾙ無	-	-	-	-	-	-	
21116	2	2015	9	22	6	32	SL1232	B	3	5	ｻﾝﾌﾟﾙ無	-	-	-	-	-	-	
21117	3	2015	9	22	6	75	SL1332	A	17	4	ｻﾝﾌﾟﾙ無	-	-	-	-	-	-	
21118	3	2015	9	22	6	28	SL1228	C	28	4	ｻﾝﾌﾟﾙ無	-	-	-	-	-	-	
21119	4	2015	9	22	6	1	SL1201	C	1	4		20160512	5	10	208			
21120	4	2015	9	22	6	38	SL1238	B	9	4		20160512	6	10	185			
21121	1	2015	9	22	8	51	SL1308	B	22	1	ｻﾝﾌﾟﾙ無	-	-	-	-	-	-	
21122	1	2015	9	22	8	56	SL1313	B	27	1	ｻﾝﾌﾟﾙ無	-	-	-	-	-	-	
21123	2	2015	9	22	8	54	SL1311	B	25	5	ｻﾝﾌﾟﾙ無	-	-	-	-	-	-	
21124	2	2015	9	22	8	69	SL1326	A	11	5	ｻﾝﾌﾟﾙ無	-	-	-	-	-	-	
21125	3	2015	9	22	8	17	SL1217	C	17	4	ｻﾝﾌﾟﾙ無	-	-	-	-	-	-	
21126	3	2015	9	22	8	19	SL1219	C	19	4	ｻﾝﾌﾟﾙ無	-	-	-	-	-	-	
21127	4	2015	9	22	8	49	SL1306	B	20	4		20160512	7	10	463			誤って別のRNA抽出液を混ぜてしまったので、後でﾋﾞｰｽﾞから溶出させたが問題なさそう
21128	4	2015	9	22	8	80	SL1337	A	22	4		20160512	8	10	155			誤って別のRNA抽出液を混ぜてしまったので、後でﾋﾞｰｽﾞから溶出させたが問題なさそう
21129	1	2015	9	22	10	70	SL1327	A	12	1	ｻﾝﾌﾟﾙ無	-	-	-	-	-	-	
21130	1	2015	9	22	10	85	HP-a	A	27	1	ｻﾝﾌﾟﾙ無	-	-	-	-	-	-	
21131	2	2015	9	22	10	8	SL1208	C	8	5	ｻﾝﾌﾟﾙ無	-	-	-	-	-	-	
21132	2	2015	9	22	10	74	SL1331	A	16	5	ｻﾝﾌﾟﾙ無	-	-	-	-	-	-	
21133	3	2015	9	22	10	47	SL1304	B	18	5	ｻﾝﾌﾟﾙ無	-	-	-	-	-	-	
21134	3	2015	9	22	10	69	SL1326	A	11	5	ｻﾝﾌﾟﾙ無	-	-	-	-	-	-	
21135	4	2015	9	22	10	69	SL1326	A	11	4		20160512	9	10	179			
21136	4	2015	9	22	10	36	SL1236	B	7	4	全体的に枯れかけ	20160512	10	10	194			
21137	1	2015	9	22	12	19	SL1219	C	19	1	ｻﾝﾌﾟﾙ無	-	-	-	-	-	-	
21138	1	2015	9	22	12	47	SL1304	B	18	1	ｻﾝﾌﾟﾙ無	-	-	-	-	-	-	
21139	2	2015	9	22	12	9	SL1209	C	9	5	先端から1/3枯れ	20160512	11	10	28			
21140	2	2015	9	22	12	66	SL1323	A	8	5	ｻﾝﾌﾟﾙ無	-	-	-	-	-	-	
21141	3	2015	9	22	12	28	SL1228	C	28	5	ｻﾝﾌﾟﾙ無	-	-	-	-	-	-	
21142	3	2015	9	22	12	22	SL1222	C	22	5	ｻﾝﾌﾟﾙ無	-	-	-	-	-	-	
21143	4	2015	9	22	12	46	SL1303	B	17	4		20160512	12	10	110			
21144	4	2015	9	22	12	67	SL1324	A	9	4	ｻﾝﾌﾟﾙ無	-	-	-	-	-	-	
21145	1	2015	9	22	14	82	SL1339	A	24	1	ｻﾝﾌﾟﾙ無	-	-	-	-	-	-	
21146	1	2015	9	22	14	1	SL1201	C	1	1	ｻﾝﾌﾟﾙ無	-	-	-	-	-	-	
21147	2	2015	9	22	14	16	SL1216	C	16	5	ｻﾝﾌﾟﾙ無	-	-	-	-	-	-	
21148	2	2015	9	22	14	5	SL1205	C	5	5		20160512	13	10	54			
21149	3	2015	9	22	14	33	SL1233	B	4	5	ｻﾝﾌﾟﾙ無	-	-	-	-	-	-	
21150	3	2015	9	22	14	7	SL1207	C	7	5	ｻﾝﾌﾟﾙ無	-	-	-	-	-	-	
21151	4	2015	9	22	14	70	SL1327	A	12	4		20160512	14	10	258			
21152	4	2015	9	22	14	47	SL1304	B	18	4	全体的に黄緑色枯れかけ	20160512	15	10	243			
21153	1	2015	9	28	16	75	SL1332	A	17	1	ｻﾝﾌﾟﾙ無	-	-	-	-	-	-	
21154	1	2015	9	28	16	60	SL1317	A	2	1	ｻﾝﾌﾟﾙ無	-	-	-	-	-	-	
21155	2	2015	9	28	16	83	Koshihikari	A	25	5	ｻﾝﾌﾟﾙ無	-	-	-	-	-	-	
21156	2	2015	9	28	16	25	SL1225	C	25	5	ｻﾝﾌﾟﾙ無	-	-	-	-	-	-	
21157	3	2015	9	28	16	12	SL1212	C	12	5	ｻﾝﾌﾟﾙ無	-	-	-	-	-	-	
21158	3	2015	9	28	16	66	SL1323	A	8	5	ｻﾝﾌﾟﾙ無	-	-	-	-	-	-	
21159	4	2015	9	28	16	20	SL1220	C	20	4	全体的に黄緑色	20160512	16	10	185			
21160	4	2015	9	28	16	17	SL1217	C	17	4	1/2枯れかけ	20160512	17	10	77			
21161	1	2015	9	28	18	52	SL1309	B	23	1	ｻﾝﾌﾟﾙ無	-	-	-	-	-	-	
21162	1	2015	9	28	18	20	SL1220	C	20	1	ｻﾝﾌﾟﾙ無	-	-	-	-	-	-	
21163	2	2015	9	28	18	14	SL1214	C	14	5	ｻﾝﾌﾟﾙ無	-	-	-	-	-	-	
21164	2	2015	9	28	18	63	SL1320	A	5	5	ｻﾝﾌﾟﾙ無	-	-	-	-	-	-	
21165	3	2015	9	28	18	35	SL1235	B	6	5	ｻﾝﾌﾟﾙ無	-	-	-	-	-	-	
21166	3	2015	9	28	18	53	SL1310	B	24	5	ｻﾝﾌﾟﾙ無	-	-	-	-	-	-	
21167	4	2015	9	28	18	65	SL1322	A	7	4		20160512	18	10	211			
21168	4	2015	9	28	18	22	SL1222	C	22	4	全体的に黄色	20160512	19	10	211			
21169	1	2015	9	28	20	71	SL1328	A	13	1	ｻﾝﾌﾟﾙ無	-	-	-	-	-	-	
21170	1	2015	9	28	20	53	SL1310	B	24	1	ｻﾝﾌﾟﾙ無	-	-	-	-	-	-	
21171	2	2015	9	28	20	68	SL1325	A	10	5	ｻﾝﾌﾟﾙ無	-	-	-	-	-	-	
21172	2	2015	9	28	20	44	SL1301	B	15	5	ｻﾝﾌﾟﾙ無	-	-	-	-	-	-	
21173	3	2015	9	28	20	78	SL1335	A	20	5	ｻﾝﾌﾟﾙ無	-	-	-	-	-	-	
21174	3	2015	9	28	20	29	SL1229	C	29	5	ｻﾝﾌﾟﾙ無	-	-	-	-	-	-	
21175	4	2015	9	28	20	2	SL1202	C	2	4	まだらに茶色（写真有）	20160512	20	10	590			
21176	4	2015	9	28	20	56	SL1313	B	27	4		20160512	21	10	325			
21177	1	2015	9	28	22	65	SL1322	A	7	1	ｻﾝﾌﾟﾙ無	-	-	-	-	-	-	
21178	1	2015	9	28	22	86	HP-b	A	28	1	ｻﾝﾌﾟﾙ無	-	-	-	-	-	-	
21179	2	2015	9	28	22	2	SL1202	C	2	5	ｻﾝﾌﾟﾙ無	-	-	-	-	-	-	
21180	2	2015	9	28	22	40	SL1240	B	11	5	ｻﾝﾌﾟﾙ無	-	-	-	-	-	-	
21181	3	2015	9	28	22	61	SL1318	A	3	5	ｻﾝﾌﾟﾙ無	-	-	-	-	-	-	
21182	3	2015	9	28	22	23	SL1223	C	23	5	ｻﾝﾌﾟﾙ無	-	-	-	-	-	-	
21183	4	2015	9	28	22	10	SL1210	C	10	4	全体的に黄色	20160512	22	10	1			
21184	4	2015	9	28	22	45	SL1302	B	16	4	1/3枯れかけ	20160512	23	10	126			
21185	1	2015	9	29	0	58	SL1315	B	29	1	ｻﾝﾌﾟﾙ無	-	-	-	-	-	-	
21186	1	2015	9	29	0	54	SL1311	B	25	1	ｻﾝﾌﾟﾙ無	-	-	-	-	-	-	
21187	2	2015	9	29	0	53	SL1310	B	24	5	ｻﾝﾌﾟﾙ無	-	-	-	-	-	-	
21188	2	2015	9	29	0	46	SL1303	B	17	5	ｻﾝﾌﾟﾙ無	-	-	-	-	-	-	
21189	3	2015	9	29	0	41	SL1241	B	12	5	ｻﾝﾌﾟﾙ無	-	-	-	-	-	-	
21190	3	2015	9	29	0	15	SL1215	C	15	5	ｻﾝﾌﾟﾙ無	-	-	-	-	-	-	
21191	4	2015	9	29	0	14	SL1214	C	14	4	全体的に黄緑色、茶色	20160512	24	10	89			
21192	4	2015	9	29	0	37	SL1237	B	8	4	全体的に黄色、茶色	20160512	25	10	185			
21193	1	2015	9	29	2	66	SL1323	A	8	1	ｻﾝﾌﾟﾙ無	-	-	-	-	-	-	
21194	1	2015	9	29	2	32	SL1232	B	3	1	ｻﾝﾌﾟﾙ無	-	-	-	-	-	-	
21195	2	2015	9	29	2	37	SL1237	B	8	5	ｻﾝﾌﾟﾙ無	-	-	-	-	-	-	
21196	2	2015	9	29	2	13	SL1213	C	13	5	ｻﾝﾌﾟﾙ無	-	-	-	-	-	-	
21197	3	2015	9	29	2	8	SL1208	C	8	5	ｻﾝﾌﾟﾙ無	-	-	-	-	-	-	
21198	3	2015	9	29	2	73	SL1330	A	15	5	ｻﾝﾌﾟﾙ無	-	-	-	-	-	-	
21199	4	2015	9	29	2	21	SL1221	C	21	4		20160512	26	10	15			
21200	4	2015	9	29	2	57	SL1314	B	28	4	半分以上枯れている	20160512	27	10	2			
21201	1	2015	9	29	4	18	SL1218	C	18	1	ｻﾝﾌﾟﾙ無	-	-	-	-	-	-	
21202	1	2015	9	29	4	33	SL1233	B	4	1		20160512	28	10	10			
21203	2	2015	9	29	4	24	SL1224	C	24	5	ｻﾝﾌﾟﾙ無	-	-	-	-	-	-	
21204	2	2015	9	29	4	41	SL1241	B	12	5	ｻﾝﾌﾟﾙ無	-	-	-	-	-	-	
21205	3	2015	9	29	4	14	SL1214	C	14	5	ｻﾝﾌﾟﾙ無	-	-	-	-	-	-	
21206	3	2015	9	29	4	21	SL1221	C	21	5	ｻﾝﾌﾟﾙ無	-	-	-	-	-	-	
21207	4	2015	9	29	4	29	SL1229	C	29	4	縦に半分黄色い	20160512	29	10	142			
21208	4	2015	9	29	4	4	SL1204	C	4	4	ｻﾝﾌﾟﾙ無	-	-	-	-	-	-	
21209	1	2015	9	29	6	39	SL1239	B	10	1	ｻﾝﾌﾟﾙ無	-	-	-	-	-	-	
21210	1	2015	9	29	6	4	SL1204	C	4	1	ｻﾝﾌﾟﾙ無	-	-	-	-	-	-	
21211	2	2015	9	29	6	81	SL1338	A	23	5	ｻﾝﾌﾟﾙ無	-	-	-	-	-	-	
21212	2	2015	9	29	6	55	SL1312	B	26	5	ｻﾝﾌﾟﾙ無	-	-	-	-	-	-	
21213	3	2015	9	29	6	24	SL1224	C	24	5	ｻﾝﾌﾟﾙ無	-	-	-	-	-	-	
21214	3	2015	9	29	6	52	SL1309	B	23	5	ｻﾝﾌﾟﾙ無	-	-	-	-	-	-	
21215	4	2015	9	29	6	84	Takanari	A	26	4		20160512	30	10	100			
21216	4	2015	9	29	6	31	SL1231	B	2	4	全体的に黄緑色	20160512	31	10	112			
21217	1	2015	9	29	8	6	SL1206	C	6	1	ｻﾝﾌﾟﾙ無	-	-	-	-	-	-	
21218	1	2015	9	29	8	59	SL1316	A	1	1	ｻﾝﾌﾟﾙ無	-	-	-	-	-	-	
21219	2	2015	9	29	8	23	SL1223	C	23	5	ｻﾝﾌﾟﾙ無	-	-	-	-	-	-	
21220	2	2015	9	29	8	34	SL1234	B	5	5	ｻﾝﾌﾟﾙ無	-	-	-	-	-	-	
21221	3	2015	9	29	8	63	SL1320	A	5	5	ｻﾝﾌﾟﾙ無	-	-	-	-	-	-	
21222	3	2015	9	29	8	62	SL1319	A	4	5	ｻﾝﾌﾟﾙ無	-	-	-	-	-	-	
21223	4	2015	9	29	8	66	SL1323	A	8	4		20160512	32	10	218	7.1	1.9	
21224	4	2015	9	29	8	64	SL1321	A	6	4	先端枯れ	20160516	1	10	123	8.1	2.7	
21225	1	2015	9	29	10	17	SL1217	C	17	1	ｻﾝﾌﾟﾙ無	-	-	-	-	-	-	
21226	1	2015	9	29	10	41	SL1241	B	12	1	ｻﾝﾌﾟﾙ無	-	-	-	-	-	-	
21227	2	2015	9	29	10	45	SL1302	B	16	5	ｻﾝﾌﾟﾙ無	-	-	-	-	-	-	
21228	2	2015	9	29	10	78	SL1335	A	20	5	ｻﾝﾌﾟﾙ無	-	-	-	-	-	-	
21229	3	2015	9	29	10	13	SL1213	C	13	5	ｻﾝﾌﾟﾙ無	-	-	-	-	-	-	
21230	3	2015	9	29	10	48	SL1305	B	19	5	ｻﾝﾌﾟﾙ無	-	-	-	-	-	-	
21231	4	2015	9	29	10	79	SL1336	A	21	4	全体的に黄緑色	20160516	2	10	230			
21232	4	2015	9	29	10	82	SL1339	A	24	4		20160516	3	10	125			
21233	1	2015	9	29	12	10	SL1210	C	10	1	ｻﾝﾌﾟﾙ無	-	-	-	-	-	-	
21234	1	2015	9	29	12	62	SL1319	A	4	1	ｻﾝﾌﾟﾙ無	-	-	-	-	-	-	
21235	2	2015	9	29	12	72	SL1329	A	14	5	ｻﾝﾌﾟﾙ無	-	-	-	-	-	-	
21236	2	2015	9	29	12	43	Takanari	B	14	5	ｻﾝﾌﾟﾙ無	-	-	-	-	-	-	
21237	3	2015	9	29	12	5	SL1205	C	5	5	ｻﾝﾌﾟﾙ無	-	-	-	-	-	-	
21238	3	2015	9	29	12	37	SL1237	B	8	5	ｻﾝﾌﾟﾙ無	-	-	-	-	-	-	
21239	4	2015	9	29	12	77	SL1334	A	19	4	先端枯れ	20160516	4	10	190			
21240	4	2015	9	29	12	24	SL1224	C	24	4	全体的に黄色	20160516	5	10	178			
21241	1	2015	9	29	14	37	SL1237	B	8	1	ｻﾝﾌﾟﾙ無	-	-	-	-	-	-	
21242	1	2015	9	29	14	77	SL1334	A	19	1	ｻﾝﾌﾟﾙ無	-	-	-	-	-	-	
21243	2	2015	9	29	14	80	SL1337	A	22	5	ｻﾝﾌﾟﾙ無	-	-	-	-	-	-	
21244	2	2015	9	29	14	39	SL1239	B	10	5	ｻﾝﾌﾟﾙ無	-	-	-	-	-	-	
21245	3	2015	9	29	14	36	SL1236	B	7	5	ｻﾝﾌﾟﾙ無	-	-	-	-	-	-	
21246	3	2015	9	29	14	67	SL1324	A	9	5	ｻﾝﾌﾟﾙ無	-	-	-	-	-	-	
21247	4	2015	9	29	14	33	SL1233	B	4	4	全体的に黄緑色	20160516	6	10	252			
21248	4	2015	9	29	14	44	SL1301	B	15	4	縦に1/2黄色	20160516	7	10	508	6.6	1.2	破砕からやり直した
