sampleID	TransPlantSet	Year	Month	Day	Hour	LineID	LineName	ColPos	RowPos	PlantPos	RnaExtractionDate	DailySampleNo	TecanConc
20001	1	2015	5	25	16	7	SL1207	C	7	2	20151203	1	1418
20002	1	2015	5	25	16	82	SL1339	A	24	2	20151203	2	1592
20003	1	2015	5	25	18	40	SL1240	B	11	2	20151203	3	1314
20004	1	2015	5	25	18	17	SL1217	C	17	2	20151203	4	1122
20005	1	2015	5	25	20	34	SL1234	B	5	2	20151203	5	1121
20006	1	2015	5	25	20	27	SL1227	C	27	2	20151203	6	1321
20007	1	2015	5	25	22	35	SL1235	B	6	2	20151203	7	1363
20008	1	2015	5	25	22	37	SL1237	B	8	2	20151203	8	1264
20009	1	2015	5	26	0	54	SL1311	B	25	2	20151210	22	15
20011	1	2015	5	26	2	68	SL1325	A	10	2	20151210	23	527
20012	1	2015	5	26	2	71	SL1328	A	13	2	20151210	24	531
20013	1	2015	5	26	4	5	SL1205	C	5	2	20160120	1	157
20014	1	2015	5	26	4	29	SL1229	C	29	2	20151210	26	736
20015	1	2015	5	26	6	80	SL1337	A	22	2	20151210	27	624
20016	1	2015	5	26	6	31	SL1231	B	2	2	20151210	28	1130
20017	1	2015	5	26	8	14	SL1214	C	14	2	20151210	29	1005
20018	1	2015	5	26	8	79	SL1336	A	21	2	20151210	30	583
20019	1	2015	5	26	10	62	SL1319	A	4	2	20151210	31	1296
20020	1	2015	5	26	10	32	SL1232	B	3	2	20151210	32	1493
20021	1	2015	5	26	12	55	SL1312	B	26	2	20160120	2	1865
20022	1	2015	5	26	12	76	SL1333	A	18	2	20160126	1	1750
20023	1	2015	5	26	14	16	SL1216	C	16	2	20160120	4	2571
20024	1	2015	5	26	14	45	SL1302	B	16	2	20160120	3	1385
20025	1	2015	6	16	16	86	HP-b	A	28	2	20160120	5	1013
20026	1	2015	6	16	16	24	SL1224	C	24	2	20160120	6	636
20027	1	2015	6	16	18	15	SL1215	C	15	2	20160120	7	1005
20028	1	2015	6	16	18	43	Takanari	B	14	2	20160120	8	1168
20029	1	2015	6	16	20	64	SL1321	A	6	2	20160120	9	1162
20030	1	2015	6	16	20	51	SL1308	B	22	2	20160120	10	641
20031	1	2015	6	16	22	52	SL1309	B	23	2	20160126	2	639
20032	1	2015	6	16	22	26	SL1226	C	26	2	20160120	11	1125
20033	1	2015	6	17	0	10	SL1210	C	10	2	20160120	12	1681
20034	1	2015	6	17	0	66	SL1323	A	8	2	20160120	13	1048
20035	1	2015	6	17	2	20	SL1220	C	20	2	20160120	14	691
20036	1	2015	6	17	2	18	SL1218	C	18	2	20160120	15	802
20037	1	2015	6	17	4	69	SL1326	A	11	2	20160120	16	56
20038	1	2015	6	17	4	77	SL1334	A	19	2	20160126	3	1045
20039	1	2015	6	17	6	9	SL1209	C	9	2	20160126	4	1098
20040	1	2015	6	17	6	63	SL1320	A	5	2	20160126	5	894
20041	1	2015	6	17	8	44	SL1301	B	15	2	20160126	6	112
20042	1	2015	6	17	8	65	SL1322	A	7	2	20160126	7	513
20043	1	2015	6	17	10	38	SL1238	B	9	2	20160126	8	1282
20044	1	2015	6	17	10	36	SL1236	B	7	2	20160126	9	138
20045	1	2015	6	17	12	3	SL1203	C	3	2	20160126	10	908
20046	1	2015	6	17	12	12	SL1212	C	12	2	20160126	11	95
20047	1	2015	6	17	14	75	SL1332	A	17	2	20160126	12	73
20048	1	2015	6	17	14	46	SL1303	B	17	2	20160126	13	648
20049	1	2015	6	22	16	53	SL1310	B	24	2	20160126	14	627
20050	1	2015	6	22	16	13	SL1213	C	13	2	20160126	15	731
20051	2	2015	6	22	16	65	SL1322	A	7	2	20160126	16	690
20052	2	2015	6	22	16	81	SL1338	A	23	2	20160205	1	887
20053	1	2015	6	22	18	42	Koshihikari	B	13	2	20160205	2	875
20054	1	2015	6	22	18	59	SL1316	A	1	2	20160205	3	984
20055	2	2015	6	22	18	9	SL1209	C	9	2	20160205	4	825
20056	2	2015	6	22	18	48	SL1305	B	19	2	20160205	5	1148
20057	1	2015	6	22	20	41	SL1241	B	12	2	20160205	6	1200
20058	1	2015	6	22	20	11	SL1211	C	11	2	20160205	7	905
20059	2	2015	6	22	20	55	SL1312	B	26	2	20160205	8	1163
20060	2	2015	6	22	20	52	SL1309	B	23	2	20160205	9	1142
20061	1	2015	6	22	22	81	SL1338	A	23	2	20160205	10	698
20062	1	2015	6	22	22	70	SL1327	A	12	2	20160205	11	572
20063	2	2015	6	22	22	73	SL1330	A	15	2	20160205	12	717
20064	2	2015	6	22	22	67	SL1324	A	9	2	20160205	13	666
20065	1	2015	6	23	0	22	SL1222	C	22	2	20160219	1	822
20066	1	2015	6	23	0	49	SL1306	B	20	2	20160205	14	470
20067	2	2015	6	23	0	63	SL1320	A	5	2	20160205	15	1084
20068	2	2015	6	23	0	35	SL1235	B	6	2	20160205	16	1063
20069	1	2015	6	23	2	30	SL1230	B	1	2	20160516	8	237
20070	1	2015	6	23	2	73	SL1330	A	15	2	20160219	2	803
20071	2	2015	6	23	2	41	SL1241	B	12	2	20160219	3	1466
20072	2	2015	6	23	2	6	SL1206	C	6	2	20160219	4	983
20073	1	2015	6	23	4	25	SL1225	C	25	2	20160219	5	1213
20074	1	2015	6	23	4	84	Takanari	A	26	2	20160219	6	558
20075	2	2015	6	23	4	85	HP-a	A	27	2	20160219	7	1116
20076	2	2015	6	23	4	68	SL1325	A	10	2	20160219	8	534
20077	1	2015	6	23	6	23	SL1223	C	23	2	20160219	9	1035
20078	1	2015	6	23	6	47	SL1304	B	18	2	20160219	10	367
20079	2	2015	6	23	6	4	SL1204	C	4	2	20160219	11	619
20080	2	2015	6	23	6	64	SL1321	A	6	2	20160219	12	576
20081	1	2015	6	23	8	28	SL1228	C	28	2	20160516	9	456
20082	1	2015	6	23	8	50	SL1307	B	21	2	20160219	13	568
20083	2	2015	6	23	8	62	SL1319	A	4	2	20160516	10	549
20084	2	2015	6	23	8	43	Takanari	B	14	2	20160219	14	548
20085	1	2015	6	23	10	1	SL1201	C	1	2	20160219	15	984
20086	1	2015	6	23	10	19	SL1219	C	19	2	20160219	16	973
20087	1	2015	6	23	14	83	Koshihikari	A	25	2	20160222	7	1222
20088	1	2015	6	23	14	60	SL1317	A	2	2	20160222	8	562
20089	2	2015	6	23	14	45	SL1302	B	16	2	20160222	9	1299
20090	2	2015	6	23	14	15	SL1215	C	15	2	20160222	10	968
20091	1	2015	6	29	16	85	HP-a	A	27	2	20160222	11	860
20092	1	2015	6	29	16	8	SL1208	C	8	2	20160222	12	878
20093	2	2015	6	23	10	25	SL1225	C	25	2	20160222	1	717
20094	2	2015	6	23	10	12	SL1212	C	12	2	20160222	2	547
20095	1	2015	6	23	12	39	SL1239	B	10	2	20160222	3	1029
20096	1	2015	6	23	12	58	SL1315	B	29	2	20160222	4	1840
20097	2	2015	6	23	12	80	SL1337	A	22	2	20160222	5	241
20098	2	2015	6	23	12	50	SL1307	B	21	2	20160222	6	251
20099	2	2015	6	29	16	36	SL1236	B	7	2	20160222	13	960
20100	2	2015	6	29	16	20	SL1220	C	20	2	20160222	14	1284
20101	1	2015	6	29	18	61	SL1318	A	3	2	20160222	15	113
20102	1	2015	6	29	18	74	SL1331	A	16	2	20160222	16	369
20103	2	2015	6	29	18	5	SL1205	C	5	2	20160516	13	282
20104	2	2015	6	29	18	27	SL1227	C	27	2	20160223	1	1654
20105	1	2015	6	29	20	56	SL1313	B	27	2	20160223	2	522
20106	1	2015	6	29	20	67	SL1324	A	9	2	20160223	3	235
20107	2	2015	6	29	20	47	SL1304	B	18	2	20160223	4	542
20108	2	2015	6	29	20	75	SL1332	A	17	2	20160223	5	852
20109	1	2015	6	29	22	33	SL1233	B	4	2	20160223	6	687
20110	1	2015	6	29	22	21	SL1221	C	21	2	20160223	7	550
20111	2	2015	6	29	22	11	SL1211	C	11	2	20160223	8	594
20112	2	2015	6	29	22	72	SL1329	A	14	2	20160223	9	462
20113	1	2015	6	30	0	6	SL1206	C	6	2	20160223	10	460
20114	1	2015	6	30	0	4	SL1204	C	4	2	20160223	11	418
20115	2	2015	6	30	0	40	SL1240	B	11	2	20160223	12	923
20116	2	2015	6	30	0	66	SL1323	A	8	2	20160223	13	566
20117	1	2015	6	30	2	72	SL1329	A	14	2	20160223	14	423
20118	1	2015	6	30	2	2	SL1202	C	2	2	20160223	15	666
20119	2	2015	6	30	2	42	Koshihikari	B	13	2	20160223	16	832
20120	2	2015	6	30	2	56	SL1313	B	27	2	20160223	17	109
20121	1	2015	6	30	4	57	SL1314	B	28	2	20160223	18	584
20122	1	2015	6	30	4	48	SL1305	B	19	2	20160223	19	622
20123	2	2015	6	30	4	16	SL1216	C	16	2	20160223	20	849
20124	2	2015	6	30	4	23	SL1223	C	23	2	20160223	21	665
20125	1	2015	6	30	6	12	SL1212	C	12	3	20160223	22	749
20126	1	2015	6	30	6	69	SL1326	A	11	3	20160223	23	683
20127	2	2015	6	30	6	19	SL1219	C	19	2	20160223	24	998
20128	2	2015	6	30	6	29	SL1229	C	29	2	20160223	25	1356
20129	1	2015	6	30	8	84	Takanari	A	26	3	20160223	26	156
20130	1	2015	6	30	8	76	SL1333	A	18	3	20160223	27	505
20131	2	2015	6	30	8	38	SL1238	B	9	2	20160223	28	614
20132	2	2015	6	30	8	33	SL1233	B	4	2	20160223	29	854
20133	2	2015	6	30	10	77	SL1334	A	19	2	20160223	33	431
20134	1	2015	6	30	10	56	SL1313	B	27	3	20160223	31	420
20135	2	2015	6	30	10	32	SL1232	B	3	2	20160223	32	413
20136	1	2015	6	30	10	19	SL1219	C	19	3	20160223	30	481
20137	2	2015	6	30	14	69	SL1326	A	11	2	20160223	40	341
20138	2	2015	6	30	14	57	SL1314	B	28	2	20160223	41	597
20139	1	2015	7	6	16	60	SL1317	A	2	3	20160223	42	117
20140	1	2015	7	6	16	65	SL1322	A	7	3	20160223	43	267
20141	2	2015	7	6	16	49	SL1306	B	20	2	20160223	44	619
20142	1	2015	6	30	14	11	SL1211	C	11	3	20160223	39	645
20143	1	2015	6	30	12	51	SL1308	B	22	3	20160223	34	379
20144	1	2015	6	30	12	42	Koshihikari	B	13	3	20160223	35	607
20145	2	2015	6	30	12	34	SL1234	B	5	2	20160223	36	614
20146	2	2015	6	30	12	39	SL1239	B	10	2	20160223	37	93
20147	1	2015	6	30	14	34	SL1234	B	5	3	20160223	38	344
20148	2	2015	7	6	16	71	SL1328	A	13	2	20160223	45	603
20149	3	2015	7	6	16	22	SL1222	C	22	2	20160223	46	831
20150	3	2015	7	6	16	61	SL1318	A	3	2	20160223	47	620
20151	1	2015	7	6	18	50	SL1307	B	21	3	20160223	48	142
20152	1	2015	7	6	18	23	SL1223	C	23	3	20160225	1	290
20153	2	2015	7	6	18	1	SL1201	C	1	2	20160225	2	433
20154	2	2015	7	6	18	18	SL1218	C	18	2	20160225	3	279
20155	3	2015	7	6	18	24	SL1224	C	24	2	20160225	4	1289
20156	3	2015	7	6	18	29	SL1229	C	29	2	20160225	5	418
20157	1	2015	7	6	20	37	SL1237	B	8	3	20160225	6	638
20158	1	2015	7	6	20	73	SL1330	A	15	3	20160225	7	585
20159	2	2015	7	6	20	60	SL1317	A	2	2	20160225	8	765
20160	2	2015	7	6	20	59	SL1316	A	1	2	20160225	9	425
20161	3	2015	7	6	20	8	SL1208	C	8	2	20160225	10	379
20162	3	2015	7	6	20	38	SL1238	B	9	2	20160225	11	1164
20163	1	2015	7	6	22	49	SL1306	B	20	3	20160225	12	138
20164	1	2015	7	6	22	17	SL1217	C	17	3	20160225	13	99
20165	2	2015	7	6	22	7	SL1207	C	7	2	20160225	14	135
20166	2	2015	7	6	22	24	SL1224	C	24	2	20160225	15	406
20167	3	2015	7	6	22	28	SL1228	C	28	2	20160225	16	163
20168	3	2015	7	6	22	60	SL1317	A	2	2	20160225	17	233
20169	1	2015	7	7	0	40	SL1240	B	11	3	20160225	18	680
20170	1	2015	7	7	0	43	Takanari	B	14	3	20160225	19	186
20171	2	2015	7	7	0	79	SL1336	A	21	2	20160225	20	566
20172	2	2015	7	7	0	14	SL1214	C	14	2	20160225	21	442
20173	3	2015	7	7	0	79	SL1336	A	21	2	20160225	22	717
20174	3	2015	7	7	0	78	SL1335	A	20	2	20160225	23	551
20175	1	2015	7	7	2	31	SL1231	B	2	3	20160516	14	185
20176	1	2015	7	7	2	81	SL1338	A	23	3	20160516	15	139
20177	2	2015	7	7	2	30	SL1230	B	1	2	20160225	26	265
20178	2	2015	7	7	2	54	SL1311	B	25	2	20160225	27	301
20179	3	2015	7	7	2	3	SL1203	C	3	2	20160225	28	663
20180	3	2015	7	7	2	45	SL1302	B	16	2	20160225	29	815
20181	1	2015	7	7	4	26	SL1226	C	26	3	20160225	30	677
20182	1	2015	7	7	4	6	SL1206	C	6	3	20160225	31	349
20183	2	2015	7	7	4	82	SL1339	A	24	2	20160225	32	572
20184	2	2015	7	7	4	13	SL1213	C	13	2	20160226	1	499
20185	3	2015	7	7	4	54	SL1311	B	25	2	20160226	2	489
20186	3	2015	7	7	4	69	SL1326	A	11	2	20160226	3	470
20187	1	2015	7	7	6	38	SL1238	B	9	3	20160226	4	520
20188	1	2015	7	7	6	28	SL1228	C	28	3	20160226	5	472
20189	2	2015	7	7	6	83	Koshihikari	A	25	2	20160226	6	875
20190	2	2015	7	7	6	31	SL1231	B	2	2	20160226	7	799
20191	3	2015	7	7	6	81	SL1338	A	23	2	20160226	8	400
20192	3	2015	7	7	6	10	SL1210	C	10	2	20160226	9	1039
20193	1	2015	7	7	8	86	HP-b	A	28	3	20160226	10	625
20194	1	2015	7	7	8	32	SL1232	B	3	3	20160226	11	914
20195	2	2015	7	7	8	28	SL1228	C	28	2	20160226	12	703
20196	2	2015	7	7	8	53	SL1310	B	24	2	20160226	13	474
20197	3	2015	7	7	8	1	SL1201	C	1	2	20160226	14	849
20198	3	2015	7	7	8	16	SL1216	C	16	2	20160226	15	1255
20199	1	2015	7	7	10	75	SL1332	A	17	3	20160226	16	257
20200	1	2015	7	7	12	29	SL1229	C	29	3	20160226	23	735
20201	2	2015	7	7	12	44	SL1301	B	15	2	20160226	24	1586
20202	2	2015	7	7	12	10	SL1210	C	10	2	20160226	25	422
20203	3	2015	7	7	12	2	SL1202	C	2	2	20160226	26	805
20204	3	2015	7	7	12	76	SL1333	A	18	2	20160226	27	556
20205	1	2015	7	7	14	18	SL1218	C	18	3	20160226	28	441
20206	1	2015	7	7	10	14	SL1214	C	14	3	20160226	17	283
20207	2	2015	7	7	10	78	SL1335	A	20	2	20160226	18	238
20208	2	2015	7	7	10	37	SL1237	B	8	2	20160226	19	643
20209	3	2015	7	7	10	14	SL1214	C	14	2	20160226	20	511
20210	3	2015	7	7	10	50	SL1307	B	21	2	20160226	21	209
20211	1	2015	7	7	12	53	SL1310	B	24	3	20160226	22	750
20213	2	2015	7	7	14	58	SL1315	B	29	2	20160226	29	782
20214	2	2015	7	7	14	3	SL1203	C	3	2	20160226	30	271
20215	3	2015	7	7	14	65	SL1322	A	7	2	20160226	31	492
20216	3	2015	7	7	14	51	SL1308	B	22	2	20160226	32	497
20217	1	2015	7	13	16	39	SL1239	B	10	3	20160516	16	140
20218	1	2015	7	13	16	59	SL1316	A	1	3	20160226	33	928
20219	2	2015	7	13	16	22	SL1222	C	22	2	20160226	34	418
20220	2	2015	7	13	16	46	SL1303	B	17	2	20160226	35	443
20221	3	2015	7	13	16	57	SL1314	B	28	2	20160226	36	782
20222	3	2015	7	13	16	34	SL1234	B	5	2	20160226	37	1006
20223	1	2015	7	13	18	1	SL1201	C	1	3	20160226	38	670
20224	1	2015	7	13	18	33	SL1233	B	4	3	20160226	39	591
20225	2	2015	7	13	18	26	SL1226	C	26	2	20160226	40	801
20226	2	2015	7	13	18	74	SL1331	A	16	2	20160226	41	1178
20227	3	2015	7	13	18	53	SL1310	B	24	2	20160226	42	581
20228	3	2015	7	13	18	43	Takanari	B	14	2	20160226	43	640
20229	1	2015	7	13	20	16	SL1216	C	16	3	20160226	44	526
20231	2	2015	7	13	20	70	SL1327	A	12	2	20160226	45	688
20232	2	2015	7	13	20	8	SL1208	C	8	2	20160226	46	717
20233	3	2015	7	13	20	59	SL1316	A	1	2	20160226	47	796
20234	3	2015	7	13	20	21	SL1221	C	21	2	20160226	48	407
20235	1	2015	7	13	22	21	SL1221	C	21	3	20160301	1	428
20236	3	2015	7	13	22	4	SL1204	C	4	2	20160301	6	711
20237	2	2015	7	13	22	86	HP-b	A	28	2	20160301	3	633
20238	2	2015	7	13	22	84	Takanari	A	26	2	20160301	4	622
20239	3	2015	7	13	22	42	Koshihikari	B	13	2	20160301	5	661
20240	1	2015	7	13	22	62	SL1319	A	4	3	20160301	2	159
20241	1	2015	7	14	0	61	SL1318	A	3	3	20160301	7	375
20242	1	2015	7	14	0	46	SL1303	B	17	3	20160301	8	208
20243	2	2015	7	14	0	76	SL1333	A	18	2	20160301	9	751
20244	2	2015	7	14	0	51	SL1308	B	22	2	20160301	10	490
20245	3	2015	7	14	0	23	SL1223	C	23	2	20160301	11	662
20246	3	2015	7	14	0	32	SL1232	B	3	2	20160301	12	634
20247	1	2015	7	14	2	48	SL1305	B	19	3	20160301	13	515
20248	1	2015	7	14	2	25	SL1225	C	25	3	20160301	14	714
20249	2	2015	7	14	2	17	SL1217	C	17	2	20160301	15	425
20250	2	2015	7	14	2	21	SL1221	C	21	2	20160301	16	383
20251	3	2015	7	14	2	71	SL1328	A	13	2	20160301	17	494
20252	3	2015	7	14	2	70	SL1327	A	12	2	20160301	18	595
20253	1	2015	7	14	4	58	SL1315	B	29	3	20160301	19	464
20254	1	2015	7	14	4	66	SL1323	A	8	3	20160301	20	629
20255	2	2015	7	14	4	61	SL1318	A	3	2	20160301	21	520
20256	2	2015	7	14	4	2	SL1202	C	2	2	20160301	22	354
20257	3	2015	7	14	4	74	SL1331	A	16	2	20160301	23	773
20258	3	2015	7	14	4	67	SL1324	A	9	2	20160301	24	500
20259	1	2015	7	14	6	47	SL1304	B	18	3	20160301	25	931
20260	1	2015	7	14	6	85	HP-a	A	27	3	20160301	26	488
20261	2	2015	7	14	6	77	SL1334	A	19	3	20160301	27	548
20262	2	2015	7	14	6	72	SL1329	A	14	3	20160301	28	110
20263	3	2015	7	14	6	72	SL1329	A	14	2	20160301	29	1102
20264	3	2015	7	14	6	27	SL1227	C	27	2	20160301	30	639
20265	1	2015	7	14	8	68	SL1325	A	10	3	20160301	31	394
20266	1	2015	7	14	8	36	SL1236	B	7	3	20160301	32	999
20267	2	2015	7	14	8	17	SL1217	C	17	3	20160301	33	925
20268	2	2015	7	14	8	26	SL1226	C	26	3	20160301	34	796
20269	3	2015	7	14	8	11	SL1211	C	11	2	20160301	35	1250
20270	3	2015	7	14	8	37	SL1237	B	8	2	20160301	36	1122
20271	1	2015	7	14	10	64	SL1321	A	6	3	20160301	37	1414
20272	1	2015	7	14	10	77	SL1334	A	19	3	20160301	38	694
20273	2	2015	7	14	10	14	SL1214	C	14	3	20160301	39	597
20275	3	2015	7	14	10	13	SL1213	C	13	2	20160301	40	1083
20276	3	2015	7	14	10	12	SL1212	C	12	2	20160301	41	977
20277	1	2015	7	14	12	74	SL1331	A	16	3	20160301	42	658
20278	1	2015	7	14	12	22	SL1222	C	22	3	20160301	43	580
20279	2	2015	7	14	12	29	SL1229	C	29	3	20160301	44	693
20280	2	2015	7	14	12	71	SL1328	A	13	3	20160301	45	692
20281	3	2015	7	14	12	41	SL1241	B	12	2	20160301	46	344
20282	3	2015	7	14	12	63	SL1320	A	5	2	20160301	47	588
20283	1	2015	7	14	14	2	SL1202	C	2	3	20160301	48	227
20284	1	2015	7	14	14	57	SL1314	B	28	3	20160301	49	763
20285	2	2015	7	14	14	40	SL1240	B	11	3	20160301	50	450
20287	3	2015	7	14	14	18	SL1218	C	18	2	20160516	17	370
20288	3	2015	7	14	14	55	SL1312	B	26	2	20160516	18	283
20289	1	2015	7	20	16	20	SL1220	C	20	3	20160301	53	389
20290	1	2015	7	20	16	72	SL1329	A	14	3	20160301	54	863
20291	2	2015	7	20	16	2	SL1202	C	2	3	20160301	55	261
20292	2	2015	7	20	16	19	SL1219	C	19	3	20160301	56	592
20293	3	2015	7	20	16	84	Takanari	A	26	2	20160301	57	312
20294	3	2015	7	20	16	20	SL1220	C	20	2	20160301	58	561
20295	4	2015	7	20	16	80	SL1337	A	22	2	20160301	59	209
20296	4	2015	7	20	16	86	HP-b	A	28	2	20160301	60	404
20297	1	2015	7	20	18	63	SL1320	A	5	3	20160301	61	311
20298	1	2015	7	20	18	45	SL1302	B	16	3	20160301	62	203
20299	2	2015	7	20	18	61	SL1318	A	3	3	20160301	63	255
20300	2	2015	7	20	18	80	SL1337	A	22	3	20160301	64	510
20301	3	2015	7	20	18	52	SL1309	B	23	2	20160309	1	292
20302	3	2015	7	20	18	64	SL1321	A	6	2	20160309	2	302
20303	4	2015	7	20	18	20	SL1220	C	20	2	20160309	3	635
20304	4	2015	7	20	18	18	SL1218	C	18	2	20160516	19	537
20305	1	2015	7	20	20	30	SL1230	B	1	3	20160309	4	298
20306	1	2015	7	20	20	5	SL1205	C	5	3	20160309	5	463
20307	2	2015	7	20	20	59	SL1316	A	1	3	20160309	6	196
20308	2	2015	7	20	20	74	SL1331	A	16	3	20160309	7	853
20309	3	2015	7	20	20	56	SL1313	B	27	2	20160309	8	354
20310	4	2015	7	20	20	7	SL1207	C	7	2	20160309	11	430
20311	4	2015	7	20	20	61	SL1318	A	3	2	20160309	10	538
20312	3	2015	7	20	20	36	SL1236	B	7	2	20160309	9	691
20313	1	2015	7	20	22	15	SL1215	C	15	3	20160309	12	657
20314	1	2015	7	20	22	55	SL1312	B	26	3	20160309	13	690
20315	2	2015	7	20	22	9	SL1209	C	9	3	20160309	14	624
20316	2	2015	7	20	22	5	SL1205	C	5	3	20160516	20	457
20317	3	2015	7	20	22	6	SL1206	C	6	2	20160309	15	649
20318	3	2015	7	20	22	35	SL1235	B	6	2	20160309	16	551
20319	4	2015	7	20	22	59	SL1316	A	1	2	20160309	17	1374
20320	4	2015	7	20	22	12	SL1212	C	12	2	20160309	18	875
20321	1	2015	7	21	0	13	SL1213	C	13	3	20160309	19	730
20322	1	2015	7	21	0	3	SL1203	C	3	3	20160309	20	679
20323	2	2015	7	21	0	20	SL1220	C	20	3	20160309	21	390
20324	2	2015	7	21	0	23	SL1223	C	23	3	20160309	22	463
20325	3	2015	7	21	0	75	SL1332	A	17	2	20160309	23	352
20326	3	2015	7	21	0	48	SL1305	B	19	2	20160309	24	368
20327	4	2015	7	21	0	72	SL1329	A	14	2	20160309	25	875
20328	4	2015	7	21	0	6	SL1206	C	6	2	20160309	26	794
20329	1	2015	7	21	2	35	SL1235	B	6	3	20160309	27	868
20330	1	2015	7	21	2	80	SL1337	A	22	3	20160309	28	884
20331	2	2015	7	21	2	33	SL1233	B	4	3	20160309	29	317
20332	2	2015	7	21	2	73	SL1330	A	15	3	20160309	30	613
20333	3	2015	7	21	2	49	SL1306	B	20	2	20160309	31	375
20334	3	2015	7	21	2	77	SL1334	A	19	2	20160309	32	748
20335	4	2015	7	21	2	65	SL1322	A	7	2	20160309	33	128
20336	4	2015	7	21	2	67	SL1324	A	9	2	20160309	34	246
20337	1	2015	7	21	4	67	SL1324	A	9	3	20160309	35	171
20338	1	2015	7	21	4	82	SL1339	A	24	3	20160309	36	260
20339	2	2015	7	21	4	28	SL1228	C	28	3	20160309	37	166
20340	2	2015	7	21	4	62	SL1319	A	4	3	20160309	38	71
20341	3	2015	7	21	4	7	SL1207	C	7	2	20160309	40	150
20342	3	2015	7	21	4	30	SL1230	B	1	2	20160309	39	319
20344	4	2015	7	21	4	47	SL1304	B	18	2	20160309	41	135
20345	1	2015	7	21	6	71	SL1328	A	13	3	20160309	42	147
20346	1	2015	7	21	6	41	SL1241	B	12	3	20160309	43	77
20347	2	2015	7	21	6	24	SL1224	C	24	3	20160309	44	368
20348	2	2015	7	21	6	41	SL1241	B	12	3	20160309	45	189
20349	3	2015	7	21	6	9	SL1209	C	9	2	20160309	46	103
20350	3	2015	7	21	6	15	SL1215	C	15	2	20160309	47	121
20351	4	2015	7	21	6	36	SL1236	B	7	2	20160309	48	201
20352	4	2015	7	21	6	24	SL1224	C	24	2	20160314	1	560
20353	1	2015	7	21	8	44	SL1301	B	15	3	20160314	2	626
20354	1	2015	7	21	8	24	SL1224	C	24	3	20160314	3	787
20355	2	2015	7	21	8	3	SL1203	C	3	3	20160314	4	257
20356	2	2015	7	21	8	46	SL1303	B	17	3	20160314	5	574
20357	3	2015	7	21	8	47	SL1304	B	18	2	20160314	6	275
20358	3	2015	7	21	8	80	SL1337	A	22	2	20160314	7	344
20359	4	2015	7	21	8	64	SL1321	A	6	2	20160314	8	392
20360	4	2015	7	21	8	53	SL1310	B	24	2	20160314	9	1061
20361	1	2015	7	21	10	52	SL1309	B	23	3	20160314	10	571
20362	1	2015	7	21	10	10	SL1210	C	10	3	20160314	11	556
20363	3	2015	7	21	10	5	SL1205	C	5	2	20160314	15	475
20364	2	2015	7	21	10	13	SL1213	C	13	3	20160314	13	372
20365	3	2015	7	21	10	40	SL1240	B	11	2	20160314	14	448
20366	2	2015	7	21	10	34	SL1234	B	5	3	20160314	12	353
20367	4	2015	7	21	10	19	SL1219	C	19	2	20160314	16	432
20368	4	2015	7	21	10	9	SL1209	C	9	2	20160315	1	999
20369	4	2015	7	21	12	33	SL1233	B	4	2	20160315	7	275
20370	1	2015	7	21	12	7	SL1207	C	7	3	20160315	3	671
20371	4	2015	7	21	12	76	SL1333	A	18	2	20160315	6	427
20372	2	2015	7	21	12	42	Koshihikari	B	13	3	20160315	5	407
20373	3	2015	7	21	12	31	SL1231	B	2	2	20160516	21	489
20374	3	2015	7	21	12	44	SL1301	B	15	2	20160516	22	175
20375	2	2015	7	21	12	18	SL1218	C	18	3	20160315	4	530
20376	1	2015	7	21	12	4	SL1204	C	4	3	20160315	2	526
20377	1	2015	7	21	14	54	SL1311	B	25	3	20160315	8	436
20378	1	2015	7	21	14	8	SL1208	C	8	3	20160315	9	438
20379	2	2015	7	21	14	50	SL1307	B	21	3	20160315	10	294
20380	2	2015	7	21	14	57	SL1314	B	28	3	20160315	11	389
20381	3	2015	7	21	14	85	HP-a	A	27	2	20160315	12	508
20382	3	2015	7	21	14	33	SL1233	B	4	2	20160315	13	440
20383	4	2015	7	21	14	34	SL1234	B	5	2	20160315	14	453
20384	4	2015	7	21	14	51	SL1308	B	22	2	20160315	15	508
20385	1	2015	7	27	16	9	SL1209	C	9	3	20160315	16	287
20386	1	2015	7	27	16	83	Koshihikari	A	25	3	20160315	17	418
20387	2	2015	7	27	16	1	SL1201	C	1	3	20160315	18	493
20388	2	2015	7	27	16	68	SL1325	A	10	3	20160315	19	403
20389	3	2015	7	27	16	86	HP-b	A	28	2	20160315	20	425
20390	3	2015	7	27	16	19	SL1219	C	19	2	20160315	21	276
20391	4	2015	7	27	16	15	SL1215	C	15	2	20160315	22	694
20392	4	2015	7	27	16	66	SL1323	A	8	2	20160315	23	344
20393	1	2015	7	27	18	27	SL1227	C	27	3	20160315	24	394
20394	1	2015	7	27	18	70	SL1327	A	12	3	20160315	25	348
20395	2	2015	7	27	18	22	SL1222	C	22	3	20160315	26	315
20396	2	2015	7	27	18	65	SL1322	A	7	3	20160516	23	246
20397	3	2015	7	27	18	66	SL1323	A	8	2	20160315	27	160
20398	3	2015	7	27	18	58	SL1315	B	29	2	20160315	28	417
20399	4	2015	7	27	18	83	Koshihikari	A	25	2	20160315	29	397
20400	4	2015	7	27	18	48	SL1305	B	19	2	20160315	30	405
20401	1	2015	7	27	20	7	SL1207	C	7	4	20160315	31	523
20402	1	2015	7	27	20	68	SL1325	A	10	4	20160315	32	354
20403	2	2015	7	27	20	44	SL1301	B	15	3	20160315	33	410
20404	2	2015	7	27	20	37	SL1237	B	8	3	20160516	24	358
20405	3	2015	7	27	20	26	SL1226	C	26	2	20160315	34	463
20406	3	2015	7	27	20	82	SL1339	A	24	2	20160315	35	297
20407	4	2015	7	27	20	43	Takanari	B	14	2	20160315	36	417
20408	4	2015	7	27	20	14	SL1214	C	14	2	20160315	37	632
20409	1	2015	7	27	22	83	Koshihikari	A	25	4	20160315	38	431
20410	1	2015	7	27	22	57	SL1314	B	28	4	20160315	39	313
20412	2	2015	7	27	22	31	SL1231	B	2	3	20160315	40	397
20413	3	2015	7	27	22	62	SL1319	A	4	2	20160315	41	506
20414	3	2015	7	27	22	17	SL1217	C	17	2	20160315	42	565
20415	4	2015	7	27	22	26	SL1226	C	26	2	20160315	43	440
20416	4	2015	7	27	22	71	SL1328	A	13	2	20160315	44	447
20417	1	2015	7	28	0	74	SL1331	A	16	4	20160315	45	491
20418	1	2015	7	28	0	35	SL1235	B	6	4	20160315	46	603
20419	2	2015	7	28	0	48	SL1305	B	19	3	20160315	47	743
20420	2	2015	7	28	0	82	SL1339	A	24	3	20160315	48	433
20421	3	2015	7	28	0	25	SL1225	C	25	2	20160318	1	548
20422	3	2015	7	28	0	73	SL1330	A	15	2	20160318	2	242
20423	4	2015	7	28	0	40	SL1240	B	11	2	20160318	3	407
20424	4	2015	7	28	0	42	Koshihikari	B	13	2	20160318	4	211
20425	1	2015	7	28	2	21	SL1221	C	21	4	20160318	5	449
20426	1	2015	7	28	2	24	SL1224	C	24	4	20160318	6	634
20427	2	2015	7	28	2	67	SL1324	A	9	3	20160318	7	747
20428	2	2015	7	28	2	15	SL1215	C	15	3	20160318	8	271
20429	3	2015	7	28	2	83	Koshihikari	A	25	2	20160318	9	302
20430	3	2015	7	28	2	46	SL1303	B	17	2	20160318	10	286
20431	4	2015	7	28	2	31	SL1231	B	2	2	20160318	11	303
20432	4	2015	7	28	2	2	SL1202	C	2	2	20160318	12	403
20433	1	2015	7	28	4	65	SL1322	A	7	4	20160318	13	107
20434	1	2015	7	28	4	18	SL1218	C	18	4	20160318	14	226
20435	2	2015	7	28	4	38	SL1238	B	9	3	20160318	15	391
20436	2	2015	7	28	4	60	SL1317	A	2	3	20160318	16	282
20437	3	2015	7	28	4	68	SL1325	A	10	2	20160318	17	326
20438	3	2015	7	28	4	39	SL1239	B	10	2	20160318	18	651
20439	4	2015	7	28	4	3	SL1203	C	3	2	20160318	19	190
20440	4	2015	7	28	4	58	SL1315	B	29	2	20160318	20	1038
20441	1	2015	7	28	6	81	SL1338	A	23	4	20160318	21	613
20442	1	2015	7	28	6	34	SL1234	B	5	4	20160318	22	633
20443	2	2015	7	28	6	36	SL1236	B	7	3	20160318	23	596
20444	2	2015	7	28	6	25	SL1225	C	25	3	20160318	24	406
20445	3	2015	7	28	6	64	SL1321	A	6	3	20160318	25	280
20446	3	2015	7	28	6	23	SL1223	C	23	3	20160318	26	493
20447	4	2015	7	28	6	10	SL1210	C	10	2	20160318	27	573
20448	4	2015	7	28	6	82	SL1339	A	24	2	20160318	28	510
20449	1	2015	7	28	8	23	SL1223	C	23	4	20160318	29	515
20450	1	2015	7	28	8	58	SL1315	B	29	4	20160318	30	865
20451	2	2015	7	28	8	7	SL1207	C	7	3	20160318	31	1032
20452	2	2015	7	28	8	10	SL1210	C	10	3	20160318	32	429
20453	3	2015	7	28	8	21	SL1221	C	21	3	20160318	33	1083
20454	3	2015	7	28	8	63	SL1320	A	5	3	20160318	34	601
20455	4	2015	7	28	8	56	SL1313	B	27	2	20160318	35	278
20456	4	2015	7	28	8	21	SL1221	C	21	2	20160318	36	903
20457	1	2015	7	28	10	46	SL1303	B	17	4	20160318	37	751
20458	1	2015	7	28	10	53	SL1310	B	24	4	20160318	38	360
20459	2	2015	7	28	10	66	SL1323	A	8	3	20160318	39	528
20460	2	2015	7	28	10	81	SL1338	A	23	3	20160318	40	1101
20461	3	2015	7	28	10	43	Takanari	B	14	3	20160318	41	519
20462	3	2015	7	28	10	37	SL1237	B	8	3	20160318	42	514
20463	4	2015	7	28	10	78	SL1335	A	20	2	20160318	43	903
20464	4	2015	7	28	10	81	SL1338	A	23	2	20160318	44	661
20465	1	2015	7	28	12	70	SL1327	A	12	4	20160318	45	684
20466	1	2015	7	28	12	19	SL1219	C	19	4	20160318	46	432
20467	2	2015	7	28	12	54	SL1311	B	25	3	20160318	47	547
20468	2	2015	7	28	12	78	SL1335	A	20	3	20160318	48	733
20469	3	2015	7	28	12	46	SL1303	B	17	3	20160318	49	771
20470	3	2015	7	28	12	73	SL1330	A	15	3	20160318	50	484
20471	4	2015	7	28	12	1	SL1201	C	1	2	20160318	51	552
20472	4	2015	7	28	12	52	SL1309	B	23	2	20160318	52	537
20473	1	2015	7	28	14	13	SL1213	C	13	4	20160318	53	510
20474	1	2015	7	28	14	9	SL1209	C	9	4	20160318	54	536
20475	2	2015	7	28	14	51	SL1308	B	22	3	20160318	55	531
20476	2	2015	7	28	14	21	SL1221	C	21	3	20160318	56	284
20477	3	2015	7	28	14	7	SL1207	C	7	3	20160318	57	718
20478	3	2015	7	28	14	2	SL1202	C	2	3	20160318	58	425
20479	4	2015	7	28	14	69	SL1326	A	11	2	20160318	59	524
20480	4	2015	7	28	14	27	SL1227	C	27	2	20160318	60	296
20481	1	2015	8	3	16	20	SL1220	C	20	4	20160318	61	356
20482	1	2015	8	3	16	29	SL1229	C	29	4	20160516	25	235
20483	2	2015	8	3	16	35	SL1235	B	6	3	20160318	62	652
20484	2	2015	8	3	16	27	SL1227	C	27	3	20160318	63	536
20485	3	2015	8	3	16	85	HP-a	A	27	3	20160318	64	126
20486	3	2015	8	3	16	82	SL1339	A	24	3	20160323	1	311
20487	4	2015	8	3	16	46	SL1303	B	17	2	20160323	2	420
20488	4	2015	8	3	16	25	SL1225	C	25	2	20160323	3	273
20489	1	2015	8	3	18	11	SL1211	C	11	4	20160323	4	410
20490	3	2015	8	3	18	61	SL1318	A	3	3	20160323	9	361
20491	2	2015	8	3	18	56	SL1313	B	27	3	20160323	6	384
20492	2	2015	8	3	18	83	Koshihikari	A	25	3	20160323	7	186
20493	3	2015	8	3	18	48	SL1305	B	19	3	20160323	8	352
20494	1	2015	8	3	18	32	SL1232	B	3	4	20160323	5	588
20495	4	2015	8	3	18	30	SL1230	B	1	2	20160323	10	406
20496	4	2015	8	3	18	32	SL1232	B	3	2	20160323	11	567
20497	1	2015	8	3	20	82	SL1339	A	24	4	20160323	12	521
20498	1	2015	8	3	20	62	SL1319	A	4	4	20160323	13	843
20499	2	2015	8	3	20	49	SL1306	B	20	3	20160323	14	101
20500	2	2015	8	3	20	11	SL1211	C	11	3	20160323	15	563
20501	3	2015	8	3	20	14	SL1214	C	14	3	20160323	16	531
20502	3	2015	8	3	20	10	SL1210	C	10	3	20160323	17	646
20503	4	2015	8	3	20	74	SL1331	A	16	2	20160323	18	551
20504	4	2015	8	3	20	23	SL1223	C	23	2	20160323	19	409
20505	1	2015	8	3	22	52	SL1309	B	23	4	20160323	20	596
20506	1	2015	8	3	22	1	SL1201	C	1	4	20160323	21	519
20507	2	2015	8	3	22	76	SL1333	A	18	3	20160323	22	384
20508	2	2015	8	3	22	70	SL1327	A	12	3	20160323	23	732
20509	3	2015	8	3	22	50	SL1307	B	21	3	20160323	24	535
20510	3	2015	8	3	22	69	SL1326	A	11	3	20160323	25	434
20511	4	2015	8	3	22	17	SL1217	C	17	2	20160323	26	471
20512	4	2015	8	3	22	22	SL1222	C	22	2	20160323	27	562
20513	1	2015	8	4	0	8	SL1208	C	8	4	20160323	28	366
20514	1	2015	8	4	0	69	SL1326	A	11	4	20160323	29	432
20515	2	2015	8	4	0	8	SL1208	C	8	3	20160323	30	439
20516	2	2015	8	4	0	55	SL1312	B	26	3	20160323	31	536
20517	3	2015	8	4	0	34	SL1234	B	5	3	20160323	32	582
20518	3	2015	8	4	0	58	SL1315	B	29	3	20160323	33	489
20519	4	2015	8	4	0	70	SL1327	A	12	2	20160323	34	444
20520	4	2015	8	4	0	8	SL1208	C	8	2	20160323	35	568
20521	1	2015	8	4	2	12	SL1212	C	12	4	20160323	36	519
20522	4	2015	8	4	2	63	SL1320	A	5	2	20160323	43	506
20523	1	2015	8	4	4	73	SL1330	A	15	4	20160323	44	584
20524	2	2015	8	4	4	75	SL1332	A	17	3	20160323	45	260
20525	2	2015	8	4	4	39	SL1239	B	10	3	20160323	46	353
20526	3	2015	8	4	4	28	SL1228	C	28	3	20160323	47	687
20527	3	2015	8	4	4	25	SL1225	C	25	3	20160323	48	554
20528	1	2015	8	4	2	59	SL1316	A	1	4	20160323	37	414
20529	2	2015	8	4	2	58	SL1315	B	29	3	20160323	38	403
20531	2	2015	8	4	2	47	SL1304	B	18	3	20160323	39	692
20532	3	2015	8	4	2	54	SL1311	B	25	3	20160323	40	536
20533	3	2015	8	4	2	32	SL1232	B	3	3	20160323	41	511
20534	4	2015	8	4	2	39	SL1239	B	10	2	20160323	42	911
20535	4	2015	8	4	4	73	SL1330	A	15	2	20160324	1	728
20536	4	2015	8	4	4	38	SL1238	B	9	2	20160324	2	726
20537	1	2015	8	4	6	39	SL1239	B	10	4	20160324	3	819
20538	1	2015	8	4	6	56	SL1313	B	27	4	20160324	4	370
20539	2	2015	8	4	6	84	Takanari	A	26	3	20160324	5	850
20540	2	2015	8	4	6	64	SL1321	A	6	3	20160324	6	835
20541	3	2015	8	4	6	42	Koshihikari	B	13	3	20160324	7	847
20542	3	2015	8	4	6	1	SL1201	C	1	3	20160324	8	831
20543	4	2015	8	4	6	68	SL1325	A	10	2	20160324	9	678
20544	4	2015	8	4	6	11	SL1211	C	11	2	20160324	10	842
20545	1	2015	8	4	8	44	SL1301	B	15	4	20160516	26	258
20546	1	2015	8	4	8	61	SL1318	A	3	4	20160324	11	568
20547	2	2015	8	4	8	30	SL1230	B	1	3	20160324	12	526
20548	2	2015	8	4	8	45	SL1302	B	16	3	20160324	13	900
20549	3	2015	8	4	8	79	SL1336	A	21	3	20160324	14	477
20550	3	2015	8	4	8	75	SL1332	A	17	3	20160324	15	693
20551	4	2015	8	4	8	85	HP-a	A	27	2	20160324	16	776
20552	4	2015	8	4	8	49	SL1306	B	20	2	20160324	17	1248
20553	1	2015	8	4	10	22	SL1222	C	22	4	20160324	18	549
20554	1	2015	8	4	10	2	SL1202	C	2	4	20160324	19	426
20555	2	2015	8	4	10	6	SL1206	C	6	3	20160324	20	600
20556	2	2015	8	4	10	53	SL1310	B	24	3	20160324	21	657
20557	4	2015	8	4	10	77	SL1334	A	19	2	20160324	24	790
20558	3	2015	8	4	10	84	Takanari	A	26	3	20160324	23	647
20559	3	2015	8	4	10	19	SL1219	C	19	3	20160324	22	280
20560	4	2015	8	4	10	37	SL1237	B	8	2	20160324	25	263
20561	1	2015	8	4	12	71	SL1328	A	13	4	20160324	26	749
20562	1	2015	8	4	12	15	SL1215	C	15	4	20160324	27	414
20563	2	2015	8	4	12	63	SL1320	A	5	3	20160324	28	248
20564	2	2015	8	4	12	43	Takanari	B	14	3	20160324	29	874
20565	3	2015	8	4	12	35	SL1235	B	6	3	20160324	30	693
20566	3	2015	8	4	12	13	SL1213	C	13	3	20160324	31	798
20567	4	2015	8	4	12	13	SL1213	C	13	2	20160324	32	912
20568	4	2015	8	4	12	41	SL1241	B	12	2	20160324	33	544
20569	1	2015	8	4	14	5	SL1205	C	5	4	20160324	34	501
20570	1	2015	8	4	14	26	SL1226	C	26	4	20160324	35	532
20571	2	2015	8	4	14	4	SL1204	C	4	3	20160324	36	579
20572	2	2015	8	4	14	16	SL1216	C	16	3	20160324	37	930
20573	3	2015	8	4	14	30	SL1230	B	1	3	20160324	38	373
20574	3	2015	8	4	14	6	SL1206	C	6	3	20160324	39	688
20575	4	2015	8	4	14	57	SL1314	B	28	2	20160324	40	765
20576	4	2015	8	4	14	50	SL1307	B	21	2	20160324	41	294
20577	1	2015	8	19	16	60	SL1317	A	2	4	20160324	42	293
20578	1	2015	8	19	16	16	SL1216	C	16	4	20160324	43	135
20579	2	2015	8	19	16	69	SL1326	A	11	3	20160324	44	327
20580	2	2015	8	19	16	32	SL1232	B	3	3	20160324	45	345
20581	3	2015	8	19	16	55	SL1312	B	26	3	20160516	27	132
20582	3	2015	8	19	16	72	SL1329	A	14	3	20160324	46	292
20583	4	2015	8	19	16	75	SL1332	A	17	2	20160324	47	1007
20584	4	2015	8	19	16	62	SL1319	A	4	2	20160324	48	143
20585	1	2015	8	19	18	30	SL1230	B	1	4	20160328	1	268
20586	1	2015	8	19	18	49	SL1306	B	20	4	20160328	2	124
20587	2	2015	8	19	18	79	SL1336	A	21	3	20160328	3	684
20588	2	2015	8	19	18	12	SL1212	C	12	3	20160328	4	418
20589	3	2015	8	19	18	62	SL1319	A	4	3	20160328	5	540
20590	3	2015	8	19	18	70	SL1327	A	12	3	20160328	6	314
20591	4	2015	8	19	18	44	SL1301	B	15	2	20160328	7	548
20592	4	2015	8	19	18	54	SL1311	B	25	2	20160328	8	535
20593	1	2015	8	19	20	3	SL1203	C	3	4	20160328	9	219
20594	1	2015	8	19	20	6	SL1206	C	6	4	20160328	10	274
20595	2	2015	8	19	20	17	SL1217	C	17	4	20160328	11	204
20596	2	2015	8	19	20	60	SL1317	A	2	4	20160328	12	192
20597	3	2015	8	19	20	18	SL1218	C	18	3	20160328	13	250
20598	3	2015	8	19	20	38	SL1238	B	9	3	20160328	14	168
20599	4	2015	8	19	20	45	SL1302	B	16	2	20160328	15	137
20600	4	2015	8	19	20	35	SL1235	B	6	2	20160328	16	328
20601	1	2015	8	19	22	28	SL1228	C	28	4	20160328	17	217
20602	1	2015	8	19	22	55	SL1312	B	26	4	20160328	18	337
20603	2	2015	8	19	22	47	SL1304	B	18	4	20160328	19	187
20604	2	2015	8	19	22	26	SL1226	C	26	4	20160328	20	399
20605	3	2015	8	19	22	47	SL1304	B	18	3	20160328	21	343
20606	3	2015	8	19	22	56	SL1313	B	27	3	20160516	28	419
20607	4	2015	8	19	22	29	SL1229	C	29	2	20160328	22	584
20608	4	2015	8	19	22	84	Takanari	A	26	2	20160328	23	486
20609	1	2015	8	20	0	25	SL1225	C	25	4	20160328	24	444
20610	1	2015	8	20	0	38	SL1238	B	9	4	20160328	25	405
20611	2	2015	8	20	0	61	SL1318	A	3	4	20160328	26	176
20612	2	2015	8	20	0	78	SL1335	A	20	4	20160328	27	186
20613	3	2015	8	20	0	59	SL1316	A	1	3	20160328	28	249
20614	3	2015	8	20	0	15	SL1215	C	15	3	20160328	29	376
20615	4	2015	8	20	0	4	SL1204	C	4	2	20160328	30	304
20616	4	2015	8	20	0	55	SL1312	B	26	2	20160328	31	325
20617	4	2015	8	20	2	60	SL1317	A	2	2	20160329	7	330
20618	4	2015	8	20	2	28	SL1228	C	28	2	20160329	8	303
20619	1	2015	8	20	4	17	SL1217	C	17	4	20160329	9	282
20620	1	2015	8	20	4	41	SL1241	B	12	4	20160329	10	230
20621	2	2015	8	20	4	65	SL1322	A	7	4	20160329	11	506
20622	2	2015	8	20	4	29	SL1229	C	29	4	20160329	12	324
20623	1	2015	8	20	2	85	HP-a	A	27	4	20160329	1	212
20624	1	2015	8	20	2	77	SL1334	A	19	4	20160329	2	500
20625	2	2015	8	20	2	27	SL1227	C	27	4	20160329	3	317
20626	2	2015	8	20	2	1	SL1201	C	1	4	20160329	4	466
20627	3	2015	8	20	2	44	SL1301	B	15	3	20160329	5	137
20628	3	2015	8	20	2	31	SL1231	B	2	3	20160329	6	348
20629	3	2015	8	20	4	20	SL1220	C	20	3	20160329	13	317
20630	3	2015	8	20	4	22	SL1222	C	22	3	20160329	14	339
20631	4	2015	8	20	4	16	SL1216	C	16	2	20160329	15	546
20632	4	2015	8	20	4	5	SL1205	C	5	2	20160329	16	458
20633	1	2015	8	20	6	48	SL1305	B	19	4	20160331	1	262
20634	1	2015	8	20	6	14	SL1214	C	14	4	20160331	2	395
20635	2	2015	8	20	6	24	SL1224	C	24	4	20160331	3	357
20636	2	2015	8	20	6	28	SL1228	C	28	4	20160331	4	432
20637	3	2015	8	20	6	78	SL1335	A	20	3	20160331	5	739
20638	3	2015	8	20	6	74	SL1331	A	16	3	20160331	6	509
20639	4	2015	8	20	6	67	SL1324	A	9	3	20160331	7	420
20640	4	2015	8	20	6	21	SL1221	C	21	3	20160331	8	679
20641	1	2015	8	20	8	66	SL1323	A	8	4	20160331	9	342
20642	1	2015	8	20	8	78	SL1335	A	20	4	20160331	10	758
20643	2	2015	8	20	8	57	SL1314	B	28	4	20160331	11	328
20644	2	2015	8	20	8	5	SL1205	C	5	4	20160331	12	463
20645	3	2015	8	20	8	66	SL1323	A	8	3	20160331	13	521
20646	3	2015	8	20	8	8	SL1208	C	8	3	20160331	14	366
20647	4	2015	8	20	8	74	SL1331	A	16	3	20160331	15	350
20648	4	2015	8	20	8	57	SL1314	B	28	3	20160331	16	414
20649	1	2015	8	20	10	72	SL1329	A	14	4	20160331	17	359
20650	1	2015	8	20	10	64	SL1321	A	6	4	20160331	18	380
20651	2	2015	8	20	10	36	SL1236	B	7	4	20160331	19	590
20652	2	2015	8	20	10	76	SL1333	A	18	4	20160331	20	345
20653	3	2015	8	20	10	51	SL1308	B	22	3	20160331	21	186
20654	3	2015	8	20	10	40	SL1240	B	11	3	20160331	22	300
20655	4	2015	8	20	10	60	SL1317	A	2	3	20160331	23	558
20656	4	2015	8	20	10	51	SL1308	B	22	3	20160331	24	794
20657	1	2015	8	20	12	27	SL1227	C	27	4	20160331	25	334
20658	1	2015	8	20	12	42	Koshihikari	B	13	4	20160331	26	392
20659	2	2015	8	20	12	31	SL1231	B	2	4	20160331	27	238
20660	2	2015	8	20	12	20	SL1220	C	20	4	20160331	28	292
20661	3	2015	8	20	12	12	SL1212	C	12	3	20160331	29	202
20662	3	2015	8	20	12	45	SL1302	B	16	3	20160331	30	671
20663	4	2015	8	20	12	78	SL1335	A	20	3	20160331	31	550
20664	4	2015	8	20	12	32	SL1232	B	3	3	20160331	32	402
20665	1	2015	8	20	14	80	SL1337	A	22	4	20160331	33	323
20666	1	2015	8	20	14	31	SL1231	B	2	4	20160331	34	547
20667	2	2015	8	20	14	15	SL1215	C	15	4	20160331	35	242
20668	2	2015	8	20	14	81	SL1338	A	23	4	20160331	36	349
20669	3	2015	8	20	14	77	SL1334	A	19	3	20160331	37	511
20670	3	2015	8	20	14	29	SL1229	C	29	3	20160331	38	406
20671	4	2015	8	20	14	48	SL1305	B	19	3	20160331	39	522
20672	4	2015	8	20	14	7	SL1207	C	7	3	20160331	40	596
20675	2	2015	8	24	16	25	SL1225	C	25	4	20160331	41	425
20676	2	2015	8	24	16	44	SL1301	B	15	4	20160331	42	421
20677	3	2015	8	24	16	5	SL1205	C	5	3	20160331	43	219
20678	3	2015	8	24	16	33	SL1233	B	4	3	20160331	44	295
20679	4	2015	8	24	16	5	SL1205	C	5	3	20160331	45	434
20680	4	2015	8	24	16	29	SL1229	C	29	3	20160331	46	587
20683	2	2015	8	24	18	52	SL1309	B	23	4	20160331	47	268
20684	2	2015	8	24	18	33	SL1233	B	4	4	20160331	48	200
20685	2	2015	8	24	20	66	SL1323	A	8	4	20160331	55	223
20686	3	2015	8	24	20	16	SL1216	C	16	3	20160331	56	208
20687	3	2015	8	24	20	52	SL1309	B	23	3	20160331	57	339
20688	4	2015	8	24	20	8	SL1208	C	8	3	20160331	58	414
20690	2	2015	8	24	22	80	SL1337	A	22	4	20160331	59	298
20691	2	2015	8	24	22	30	SL1230	B	1	4	20160331	60	255
20692	3	2015	8	24	18	76	SL1333	A	18	3	20160331	49	417
20693	3	2015	8	24	18	17	SL1217	C	17	3	20160331	50	199
20694	4	2015	8	24	18	69	SL1326	A	11	3	20160331	51	233
20695	4	2015	8	24	18	45	SL1302	B	16	3	20160331	52	377
20699	1	2015	8	24	20	47	SL1304	B	18	4	20160331	53	504
20700	2	2015	8	24	20	22	SL1222	C	22	4	20160331	54	222
20701	3	2015	8	24	22	86	HP-b	A	28	3	20160331	61	96
20702	3	2015	8	24	22	83	Koshihikari	A	25	3	20160331	62	424
20703	4	2015	8	24	22	41	SL1241	B	12	3	20160331	63	290
20704	4	2015	8	24	22	83	Koshihikari	A	25	3	20160331	64	247
20707	2	2015	8	25	0	56	SL1313	B	27	4	20160502	1	376
20708	2	2015	8	25	0	84	Takanari	A	26	4	20160502	2	175
20709	3	2015	8	25	0	41	SL1241	B	12	3	20160502	3	737
20710	3	2015	8	25	0	57	SL1314	B	28	3	20160502	4	696
20711	4	2015	8	25	0	4	SL1204	C	4	3	20160502	5	659
20712	4	2015	8	25	0	55	SL1312	B	26	3	20160502	6	377
20715	2	2015	8	25	2	9	SL1209	C	9	4	20160502	7	363
20716	2	2015	8	25	2	10	SL1210	C	10	4	20160502	8	100
20717	3	2015	8	25	2	26	SL1226	C	26	3	20160502	9	169
20718	3	2015	8	25	2	39	SL1239	B	10	3	20160502	10	375
20719	4	2015	8	25	2	34	SL1234	B	5	3	20160502	11	502
20720	4	2015	8	25	2	36	SL1236	B	7	3	20160502	12	745
20723	2	2015	8	25	4	37	SL1237	B	8	4	20160502	13	201
20724	2	2015	8	25	4	67	SL1324	A	9	4	20160502	14	68
20725	3	2015	8	25	4	9	SL1209	C	9	3	20160502	15	635
20726	3	2015	8	25	4	36	SL1236	B	7	3	20160502	16	635
20727	4	2015	8	25	4	81	SL1338	A	23	3	20160502	17	189
20728	4	2015	8	25	4	68	SL1325	A	10	3	20160502	18	457
20731	2	2015	8	25	6	46	SL1303	B	17	4	20160502	19	404
20732	2	2015	8	25	6	73	SL1330	A	15	4	20160502	20	180
20733	3	2015	8	25	6	60	SL1317	A	2	3	20160502	21	794
20734	3	2015	8	25	6	11	SL1211	C	11	3	20160502	22	218
20735	4	2015	8	25	6	70	SL1327	A	12	3	20160502	23	135
20736	4	2015	8	25	6	17	SL1217	C	17	3	20160502	24	406
20739	2	2015	8	25	8	69	SL1326	A	11	4	20160502	25	582
20740	2	2015	8	25	8	74	SL1331	A	16	4	20160502	26	101
20741	3	2015	8	25	8	24	SL1224	C	24	3	20160502	27	90
20742	3	2015	8	25	8	80	SL1337	A	22	3	20160502	28	193
20743	4	2015	8	25	8	85	HP-a	A	27	3	20160502	29	362
20744	4	2015	8	25	8	73	SL1330	A	15	3	20160502	30	762
20748	2	2015	8	25	10	68	SL1325	A	10	4	20160502	31	668
20749	3	2015	8	25	10	81	SL1338	A	23	3	20160502	32	730
20750	3	2015	8	25	10	67	SL1324	A	9	3	20160502	33	575
20751	4	2015	8	25	10	2	SL1202	C	2	3	20160502	34	516
20752	4	2015	8	25	10	31	SL1231	B	2	3	20160502	35	687
20755	2	2015	8	25	12	48	SL1305	B	19	4	20160502	36	286
20756	2	2015	8	25	12	49	SL1306	B	20	4	20160502	37	417
20757	3	2015	8	25	12	3	SL1203	C	3	3	20160502	38	600
20758	3	2015	8	25	12	53	SL1310	B	24	3	20160502	39	490
20759	4	2015	8	25	12	63	SL1320	A	5	3	20160502	40	258
20760	4	2015	8	25	12	3	SL1203	C	3	3	20160502	41	500
20763	2	2015	8	25	14	75	SL1332	A	17	4	20160502	42	337
20764	2	2015	8	25	14	63	SL1320	A	5	4	20160502	43	524
20765	3	2015	8	25	14	68	SL1325	A	10	3	20160502	44	291
20766	3	2015	8	25	14	49	SL1306	B	20	3	20160502	45	718
20767	4	2015	8	25	14	35	SL1235	B	6	3	20160502	46	727
20768	4	2015	8	25	14	27	SL1227	C	27	3	20160502	47	488
20771	2	2015	8	31	16	62	SL1319	A	4	4	20160502	48	553
20772	2	2015	8	31	16	83	Koshihikari	A	25	4	20160502	49	328
20773	3	2015	8	31	16	4	SL1204	C	4	3	20160502	50	42
20774	3	2015	8	31	16	71	SL1328	A	13	3	20160502	51	281
20775	4	2015	8	31	16	66	SL1323	A	8	3	20160502	52	360
20776	4	2015	8	31	16	52	SL1309	B	23	3	20160502	53	435
20778	1	2015	8	31	18	27	SL1227	C	27	5	20160502	54	408
20779	2	2015	8	31	18	50	SL1307	B	21	4	20160502	55	374
20780	2	2015	8	31	18	43	Takanari	B	14	4	20160502	56	290
20782	3	2015	8	31	18	65	SL1322	A	7	3	20160502	57	534
20783	4	2015	8	31	18	1	SL1201	C	1	3	20160502	58	389
20784	4	2015	8	31	18	25	SL1225	C	25	3	20160502	59	181
20786	1	2015	8	31	20	56	SL1313	B	27	5	20160502	60	226
20787	2	2015	8	31	20	82	SL1339	A	24	4	20160516	29	166
20788	2	2015	8	31	20	72	SL1329	A	14	4	20160502	61	333
20789	3	2015	8	31	20	9	SL1209	C	9	4	20160502	62	455
20791	4	2015	8	31	20	62	SL1319	A	4	3	20160502	63	474
20792	4	2015	8	31	20	20	SL1220	C	20	3	20160502	64	326
20795	2	2015	8	31	22	2	SL1202	C	2	4	20160506	1	470
20796	2	2015	8	31	22	21	SL1221	C	21	4	20160506	2	441
20797	3	2015	8	31	22	61	SL1318	A	3	4	20160506	3	141
20798	3	2015	8	31	22	81	SL1338	A	23	4	20160506	4	272
20799	4	2015	8	31	22	72	SL1329	A	14	3	20160506	5	327
20800	4	2015	8	31	22	33	SL1233	B	4	3	20160506	6	383
20803	2	2015	9	1	0	35	SL1235	B	6	4	20160506	7	414
20804	2	2015	9	1	0	11	SL1211	C	11	4	20160506	8	132
20805	3	2015	9	1	0	6	SL1206	C	6	4	20160506	9	338
20806	3	2015	9	1	0	43	Takanari	B	14	4	20160506	10	487
20807	4	2015	9	1	0	65	SL1322	A	7	3	20160506	11	234
20808	4	2015	9	1	0	10	SL1210	C	10	3	20160506	12	263
20811	2	2015	9	1	2	54	SL1311	B	25	4	20160506	13	222
20812	2	2015	9	1	2	64	SL1321	A	6	4	20160506	14	318
20813	3	2015	9	1	2	30	SL1230	B	1	4	20160506	15	166
20814	3	2015	9	1	2	67	SL1324	A	9	4	20160506	16	222
20815	4	2015	9	1	2	86	HP-b	A	28	3	20160506	17	580
20816	4	2015	9	1	2	76	SL1333	A	18	3	20160506	18	510
20818	1	2015	9	1	4	65	SL1322	A	7	5	20160506	19	7
20819	2	2015	9	1	4	39	SL1239	B	10	4	20160506	20	164
20820	2	2015	9	1	4	79	SL1336	A	21	4	20160506	21	131
20821	3	2015	9	1	4	22	SL1222	C	22	4	20160506	22	621
20822	3	2015	9	1	4	23	SL1223	C	23	4	20160506	23	296
20823	4	2015	9	1	4	75	SL1332	A	17	3	20160506	24	636
20824	4	2015	9	1	4	30	SL1230	B	1	3	20160506	25	384
20827	2	2015	9	1	6	58	SL1315	B	29	4	20160506	26	346
20828	2	2015	9	1	6	6	SL1206	C	6	4	20160506	27	118
20829	3	2015	9	1	6	2	SL1202	C	2	4	20160506	28	310
20830	3	2015	9	1	6	4	SL1204	C	4	4	20160506	29	586
20831	4	2015	9	1	6	50	SL1307	B	21	3	20160506	30	354
20832	4	2015	9	1	6	42	Koshihikari	B	13	3	20160506	31	352
20833	1	2015	9	1	8	28	SL1228	C	28	5	20160506	32	485
20835	2	2015	9	1	8	51	SL1308	B	22	4	20160506	33	474
20836	2	2015	9	1	8	86	HP-b	A	28	4	20160516	30	411
20837	3	2015	9	1	8	55	SL1312	B	26	4	20160506	35	447
20838	3	2015	9	1	8	71	SL1328	A	13	4	20160506	36	614
20839	4	2015	9	1	8	44	SL1301	B	15	3	20160506	37	332
20843	2	2015	9	1	10	55	SL1312	B	26	4	20160506	38	76
20844	2	2015	9	1	10	71	SL1328	A	13	4	20160506	39	237
20845	3	2015	9	1	10	53	SL1310	B	24	4	20160506	40	395
20846	3	2015	9	1	10	51	SL1308	B	22	4	20160506	41	384
20847	4	2015	9	1	10	71	SL1328	A	13	3	20160506	42	473
20848	4	2015	9	1	10	16	SL1216	C	16	3	20160506	43	251
20851	2	2015	9	1	12	40	SL1240	B	11	4	20160506	44	337
20852	2	2015	9	1	12	14	SL1214	C	14	4	20160506	45	356
20853	3	2015	9	1	12	8	SL1208	C	8	4	20160506	46	529
20854	3	2015	9	1	12	33	SL1233	B	4	4	20160506	47	401
20855	4	2015	9	1	12	59	SL1316	A	1	3	20160506	48	239
20856	4	2015	9	1	12	53	SL1310	B	24	3	20160509	1	474
20860	2	2015	9	1	14	23	SL1223	C	23	4	20160509	2	444
20861	3	2015	9	1	14	46	SL1303	B	17	4	20160509	3	526
20862	3	2015	9	1	14	80	SL1337	A	22	4	20160509	4	440
20863	4	2015	9	1	14	18	SL1218	C	18	3	20160509	5	384
20864	4	2015	9	1	14	40	SL1240	B	11	3	20160509	6	521
20868	2	2015	9	7	16	77	SL1334	A	19	4	20160509	7	310
20869	3	2015	9	7	16	59	SL1316	A	1	4	20160509	8	157
20870	3	2015	9	7	16	57	SL1314	B	28	4	20160509	9	134
20871	4	2015	9	7	16	54	SL1311	B	25	3	20160509	10	8
20877	3	2015	9	7	18	38	SL1238	B	9	4	20160509	11	160
20878	3	2015	9	7	18	34	SL1234	B	5	4	20160509	12	179
20879	4	2015	9	7	18	9	SL1209	C	9	3	20160509	13	317
20880	4	2015	9	7	18	61	SL1318	A	3	3	20160509	14	141
20885	3	2015	9	7	20	62	SL1319	A	4	4	20160509	15	325
20886	3	2015	9	7	20	36	SL1236	B	7	4	20160509	16	42
20887	4	2015	9	7	20	49	SL1306	B	20	3	20160509	17	388
20888	4	2015	9	7	20	46	SL1303	B	17	3	20160509	18	87
20893	3	2015	9	7	22	86	HP-b	A	28	4	20160509	19	93
20894	3	2015	9	7	22	47	SL1304	B	18	4	20160509	20	386
20895	4	2015	9	7	22	37	SL1237	B	8	3	20160509	21	341
20896	4	2015	9	7	22	13	SL1213	C	13	3	20160509	22	314
20901	3	2015	9	8	0	11	SL1211	C	11	4	20160509	23	446
20902	3	2015	9	8	0	45	SL1302	B	16	4	20160509	24	795
20903	4	2015	9	8	0	22	SL1222	C	22	3	20160509	25	192
20904	4	2015	9	8	0	77	SL1334	A	19	3	20160509	26	133
20906	1	2015	9	8	2	14	SL1214	C	14	5	20160509	27	303
20910	3	2015	9	8	2	68	SL1325	A	10	4	20160509	28	352
20911	4	2015	9	8	2	58	SL1315	B	29	3	20160509	29	223
20912	4	2015	9	8	2	24	SL1224	C	24	3	20160509	30	562
20917	3	2015	9	8	4	39	SL1239	B	10	4	20160509	31	263
20918	3	2015	9	8	4	60	SL1317	A	2	4	20160509	32	138
20919	4	2015	9	8	4	38	SL1238	B	9	3	20160509	33	174
20920	4	2015	9	8	4	79	SL1336	A	21	3	20160509	34	291
20925	3	2015	9	8	6	52	SL1309	B	23	4	20160509	35	214
20926	3	2015	9	8	6	70	SL1327	A	12	4	20160509	36	129
20927	4	2015	9	8	6	84	Takanari	A	26	3	20160509	37	309
20928	4	2015	9	8	6	82	SL1339	A	24	3	20160509	38	409
20933	3	2015	9	8	8	1	SL1201	C	1	4	20160509	39	178
20934	3	2015	9	8	8	84	Takanari	A	26	4	20160509	40	187
20935	4	2015	9	8	8	6	SL1206	C	6	3	20160509	41	342
20936	4	2015	9	8	8	56	SL1313	B	27	3	20160509	42	288
20941	3	2015	9	8	10	5	SL1205	C	5	4	20160509	43	325
20942	3	2015	9	8	10	83	Koshihikari	A	25	4	20160509	44	442
20943	4	2015	9	8	10	43	Takanari	B	14	3	20160509	45	449
20944	4	2015	9	8	10	39	SL1239	B	10	3	20160509	46	332
20949	3	2015	9	8	12	3	SL1203	C	3	4	20160509	47	358
20950	3	2015	9	8	12	10	SL1210	C	10	4	20160509	48	511
20951	4	2015	9	8	12	12	SL1212	C	12	3	20160510	1	256
20952	4	2015	9	8	12	26	SL1226	C	26	3	20160510	2	386
20957	3	2015	9	8	14	41	SL1241	B	12	4	20160510	3	253
20958	3	2015	9	8	14	64	SL1321	A	6	4	20160510	4	495
20959	4	2015	9	8	14	15	SL1215	C	15	3	20160510	5	437
20960	4	2015	9	8	14	80	SL1337	A	22	3	20160510	6	461
20963	2	2015	9	14	16	71	SL1328	A	13	5	20160510	7	192
20965	3	2015	9	14	16	77	SL1334	A	19	4	20160510	8	93
20967	4	2015	9	14	16	14	SL1214	C	14	3	20160510	9	335
20968	4	2015	9	14	16	23	SL1223	C	23	3	20160510	10	51
20973	3	2015	9	14	18	58	SL1315	B	29	4	20160510	11	230
20974	3	2015	9	14	18	27	SL1227	C	27	4	20160510	12	155
20975	4	2015	9	14	18	64	SL1321	A	6	3	20160510	13	14
20976	4	2015	9	14	18	11	SL1211	C	11	3	20160510	14	132
20981	3	2015	9	14	20	50	SL1307	B	21	4	20160510	15	80
20982	3	2015	9	14	20	29	SL1229	C	29	4	20160510	16	224
20983	3	2015	9	15	0	44	SL1301	B	15	4	20160510	23	28
20984	3	2015	9	15	0	32	SL1232	B	3	4	20160510	24	185
20987	2	2015	9	14	22	22	SL1222	C	22	5	20160510	19	26
20989	4	2015	9	15	0	61	SL1318	A	3	4	20160510	26	128
20990	3	2015	9	15	2	35	SL1235	B	6	4	20160510	27	93
20991	3	2015	9	15	2	20	SL1220	C	20	4	20160510	28	177
20997	4	2015	9	14	20	75	SL1332	A	17	4	20160510	17	86
20998	4	2015	9	14	20	52	SL1309	B	23	4	20160510	18	142
20999	2	2015	9	14	22	22	SL1222	C	22	5	20160510	19	26
21000	3	2015	9	14	22	65	SL1322	A	7	4	20160510	20	121
21005	3	2015	9	14	22	25	SL1225	C	25	4	20160510	21	256
21006	4	2015	9	14	22	41	SL1241	B	12	4	20160510	22	169
21007	4	2015	9	15	2	28	SL1228	C	28	4	20160510	29	186
21008	4	2015	9	15	2	35	SL1235	B	6	4	20160510	30	440
21013	3	2015	9	15	4	40	SL1240	B	11	4	20160510	31	58
21014	3	2015	9	15	4	76	SL1333	A	18	4	20160510	32	117
21015	4	2015	9	15	4	86	HP-b	A	28	4	20160510	33	226
21016	3	2015	9	15	8	12	SL1212	C	12	4	20160510	40	177
21021	4	2015	9	15	8	54	SL1311	B	25	4	20160510	41	247
21022	2	2015	9	15	10	19	SL1219	C	19	5	20160510	43	137
21023	3	2015	9	15	10	63	SL1320	A	5	4	20160510	44	441
21024	3	2015	9	15	10	7	SL1207	C	7	4	20160510	45	588
21029	3	2015	9	15	12	49	SL1306	B	20	4	20160510	47	328
21030	4	2015	9	15	4	59	SL1316	A	1	4	20160510	34	189
21031	3	2015	9	15	6	69	SL1326	A	11	4	20160510	35	14
21032	4	2015	9	15	8	32	SL1232	B	3	4	20160510	42	38
21035	2	2015	9	15	10	19	SL1219	C	19	5	20160510	43	137
21037	4	2015	9	15	6	25	SL1225	C	25	4	20160510	37	311
21038	4	2015	9	15	6	26	SL1226	C	26	4	20160510	38	20
21039	4	2015	9	15	10	78	SL1335	A	20	4	20160510	46	675
21045	3	2015	9	15	8	21	SL1221	C	21	4	20160510	39	280
21046	3	2015	9	15	12	16	SL1216	C	16	4	20160510	48	106
21047	4	2015	9	15	12	58	SL1315	B	29	4	20160510	49	283
21048	4	2015	9	15	12	85	HP-a	A	27	4	20160510	50	249
21053	3	2015	9	15	14	79	SL1336	A	21	4	20160510	51	299
21054	3	2015	9	15	14	85	HP-a	A	27	4	20160510	52	728
21055	4	2015	9	15	14	11	SL1211	C	11	4	20160510	53	309
21056	4	2015	9	15	14	15	SL1215	C	15	4	20160510	54	163
21057	1	2015	9	21	16	5	SL1205	C	5	5	20160510	55	201
21062	3	2015	9	21	16	42	Koshihikari	B	13	4	20160510	56	115
21071	4	2015	9	21	18	76	SL1333	A	18	4	20160510	57	347
21072	4	2015	9	21	18	43	Takanari	B	14	4	20160510	58	91
21079	4	2015	9	21	20	18	SL1218	C	18	4	20160510	59	41
21080	4	2015	9	21	20	9	SL1209	C	9	4	20160510	60	67
21087	4	2015	9	21	22	27	SL1227	C	27	4	20160510	61	254
21088	4	2015	9	21	22	53	SL1310	B	24	4	20160510	62	347
21095	4	2015	9	22	0	6	SL1206	C	6	4	20160510	63	189
21096	4	2015	9	22	0	30	SL1230	B	1	4	20160510	64	318
21103	4	2015	9	22	2	23	SL1223	C	23	4	20160512	1	163
21104	4	2015	9	22	2	3	SL1203	C	3	4	20160512	2	121
21111	4	2015	9	22	4	74	SL1331	A	16	4	20160512	3	137
21112	4	2015	9	22	4	8	SL1208	C	8	4	20160512	4	207
21119	4	2015	9	22	6	1	SL1201	C	1	4	20160512	5	208
21120	4	2015	9	22	6	38	SL1238	B	9	4	20160512	6	185
21127	4	2015	9	22	8	49	SL1306	B	20	4	20160512	7	463
21128	4	2015	9	22	8	80	SL1337	A	22	4	20160512	8	155
21135	4	2015	9	22	10	69	SL1326	A	11	4	20160512	9	179
21136	4	2015	9	22	10	36	SL1236	B	7	4	20160512	10	194
21139	2	2015	9	22	12	9	SL1209	C	9	5	20160512	11	28
21143	4	2015	9	22	12	46	SL1303	B	17	4	20160512	12	110
21148	2	2015	9	22	14	5	SL1205	C	5	5	20160512	13	54
21151	4	2015	9	22	14	70	SL1327	A	12	4	20160512	14	258
21152	4	2015	9	22	14	47	SL1304	B	18	4	20160512	15	243
21159	4	2015	9	28	16	20	SL1220	C	20	4	20160512	16	185
21160	4	2015	9	28	16	17	SL1217	C	17	4	20160512	17	77
21167	4	2015	9	28	18	65	SL1322	A	7	4	20160512	18	211
21168	4	2015	9	28	18	22	SL1222	C	22	4	20160512	19	211
21175	4	2015	9	28	20	2	SL1202	C	2	4	20160512	20	590
21176	4	2015	9	28	20	56	SL1313	B	27	4	20160512	21	325
21183	4	2015	9	28	22	10	SL1210	C	10	4	20160512	22	1
21184	4	2015	9	28	22	45	SL1302	B	16	4	20160512	23	126
21191	4	2015	9	29	0	14	SL1214	C	14	4	20160512	24	89
21192	4	2015	9	29	0	37	SL1237	B	8	4	20160512	25	185
21199	4	2015	9	29	2	21	SL1221	C	21	4	20160512	26	15
21200	4	2015	9	29	2	57	SL1314	B	28	4	20160512	27	2
21202	1	2015	9	29	4	33	SL1233	B	4	1	20160512	28	10
21207	4	2015	9	29	4	29	SL1229	C	29	4	20160512	29	142
21215	4	2015	9	29	6	84	Takanari	A	26	4	20160512	30	100
21216	4	2015	9	29	6	31	SL1231	B	2	4	20160512	31	112
21223	4	2015	9	29	8	66	SL1323	A	8	4	20160512	32	218
21224	4	2015	9	29	8	64	SL1321	A	6	4	20160516	1	123
21231	4	2015	9	29	10	79	SL1336	A	21	4	20160516	2	230
21232	4	2015	9	29	10	82	SL1339	A	24	4	20160516	3	125
21239	4	2015	9	29	12	77	SL1334	A	19	4	20160516	4	190
21240	4	2015	9	29	12	24	SL1224	C	24	4	20160516	5	178
21247	4	2015	9	29	14	33	SL1233	B	4	4	20160516	6	252
21248	4	2015	9	29	14	44	SL1301	B	15	4	20160516	7	508
