sampleID	TransPlantSet	Year	Month	Day	Hour	LineID	record	ColPos	RowPos	PlantPos	RnaExtractionDate	DailySampleNo	TecanConc	LineName
20001	1	2015	5	25	16	7	SL1207	C	7	2	20151203	1	1418	SL1207
20002	1	2015	5	25	16	82	SL1339	A	24	2	20151203	2	1592	SL1339
20003	1	2015	5	25	18	40	SL1240	B	11	2	20151203	3	1314	SL1240
20004	1	2015	5	25	18	17	SL1217	C	17	2	20151203	4	1122	SL1217
20005	1	2015	5	25	20	34	SL1234	B	5	2	20151203	5	1121	SL1234
20006	1	2015	5	25	20	27	SL1227	C	27	2	20151203	6	1321	SL1227
20007	1	2015	5	25	22	35	SL1235	B	6	2	20151203	7	1363	SL1235
20008	1	2015	5	25	22	37	SL1237	B	8	2	20151203	8	1264	SL1237
20011	1	2015	5	26	2	68	SL1325	A	10	2	20151210	23	527	Koshihikari
20012	1	2015	5	26	2	71	SL1328	A	13	2	20151210	24	531	Koshihikari
20014	1	2015	5	26	4	29	SL1229	C	29	2	20151210	26	736	SL1229
20015	1	2015	5	26	6	80	SL1337	A	22	2	20151210	27	624	SL1337
20016	1	2015	5	26	6	31	SL1231	B	2	2	20151210	28	1130	SL1231
20017	1	2015	5	26	8	14	SL1214	C	14	2	20151210	29	1005	SL1214
20018	1	2015	5	26	8	79	SL1336	A	21	2	20151210	30	583	SL1336
20019	1	2015	5	26	10	62	SL1319	A	4	2	20151210	31	1296	Unpredictable
20020	1	2015	5	26	10	32	SL1232	B	3	2	20151210	32	1493	SL1232
20021	1	2015	5	26	12	55	SL1312	B	26	2	20160120	2	1865	SL1312
20022	1	2015	5	26	12	76	SL1333	A	18	2	20160126	1	1750	SL1333
20023	1	2015	5	26	14	16	SL1216	C	16	2	20160120	4	2571	SL1216
20024	1	2015	5	26	14	45	SL1302	B	16	2	20160120	3	1385	SL1302
20025	1	2015	6	16	16	86	HP-b	A	28	2	20160120	5	1013	HP.b.1
20026	1	2015	6	16	16	24	SL1224	C	24	2	20160120	6	636	SL1224
20027	1	2015	6	16	18	15	SL1215	C	15	2	20160120	7	1005	SL1215
20028	1	2015	6	16	18	43	Takanari	B	14	2	20160120	8	1168	Takanari
20029	1	2015	6	16	20	64	SL1321	A	6	2	20160120	9	1162	SL1321
20030	1	2015	6	16	20	51	SL1308	B	22	2	20160120	10	641	SL1308
20031	1	2015	6	16	22	52	SL1309	B	23	2	20160126	2	639	SL1309
20032	1	2015	6	16	22	26	SL1226	C	26	2	20160120	11	1125	SL1226
20033	1	2015	6	17	0	10	SL1210	C	10	2	20160120	12	1681	SL1210
20034	1	2015	6	17	0	66	SL1323	A	8	2	20160120	13	1048	SL1322
20035	1	2015	6	17	2	20	SL1220	C	20	2	20160120	14	691	SL1220
20036	1	2015	6	17	2	18	SL1218	C	18	2	20160120	15	802	SL1218
20038	1	2015	6	17	4	77	SL1334	A	19	2	20160126	3	1045	SL1334
20039	1	2015	6	17	6	9	SL1209	C	9	2	20160126	4	1098	SL1209
20040	1	2015	6	17	6	63	SL1320	A	5	2	20160126	5	894	SL1320
20042	1	2015	6	17	8	65	SL1322	A	7	2	20160126	7	513	SL1322
20043	1	2015	6	17	10	38	SL1238	B	9	2	20160126	8	1282	SL1238
20045	1	2015	6	17	12	3	SL1203	C	3	2	20160126	10	908	SL1203
20048	1	2015	6	17	14	46	SL1303	B	17	2	20160126	13	648	SL1303
20049	1	2015	6	22	16	53	SL1310	B	24	2	20160126	14	627	SL1310
20050	1	2015	6	22	16	13	SL1213	C	13	2	20160126	15	731	SL1210
20051	2	2015	6	22	16	65	SL1322	A	7	2	20160126	16	690	SL1322
20052	2	2015	6	22	16	81	SL1338	A	23	2	20160205	1	887	SL1338
20053	1	2015	6	22	18	42	Koshihikari	B	13	2	20160205	2	875	Koshihikari
20054	1	2015	6	22	18	59	SL1316	A	1	2	20160205	3	984	SL1316
20055	2	2015	6	22	18	9	SL1209	C	9	2	20160205	4	825	SL1209
20056	2	2015	6	22	18	48	SL1305	B	19	2	20160205	5	1148	SL1305
20057	1	2015	6	22	20	41	SL1241	B	12	2	20160205	6	1200	SL1241
20058	1	2015	6	22	20	11	SL1211	C	11	2	20160205	7	905	SL1211
20059	2	2015	6	22	20	55	SL1312	B	26	2	20160205	8	1163	SL1312
20060	2	2015	6	22	20	52	SL1309	B	23	2	20160205	9	1142	SL1316
20061	1	2015	6	22	22	81	SL1338	A	23	2	20160205	10	698	SL1338
20062	1	2015	6	22	22	70	SL1327	A	12	2	20160205	11	572	SL1327
20063	2	2015	6	22	22	73	SL1330	A	15	2	20160205	12	717	SL1330
20064	2	2015	6	22	22	67	SL1324	A	9	2	20160205	13	666	SL1324
20065	1	2015	6	23	0	22	SL1222	C	22	2	20160219	1	822	SL1222
20066	1	2015	6	23	0	49	SL1306	B	20	2	20160205	14	470	SL1308
20067	2	2015	6	23	0	63	SL1320	A	5	2	20160205	15	1084	Unpredictable
20068	2	2015	6	23	0	35	SL1235	B	6	2	20160205	16	1063	SL1235
20069	1	2015	6	23	2	30	SL1230	B	1	2	20160516	8	237	SL1301
20070	1	2015	6	23	2	73	SL1330	A	15	2	20160219	2	803	SL1330
20071	2	2015	6	23	2	41	SL1241	B	12	2	20160219	3	1466	SL1241
20072	2	2015	6	23	2	6	SL1206	C	6	2	20160219	4	983	SL1206
20073	1	2015	6	23	4	25	SL1225	C	25	2	20160219	5	1213	SL1225
20074	1	2015	6	23	4	84	Takanari	A	26	2	20160219	6	558	Takanari
20075	2	2015	6	23	4	85	HP-a	A	27	2	20160219	7	1116	Koshihikari
20076	2	2015	6	23	4	68	SL1325	A	10	2	20160219	8	534	SL1325
20077	1	2015	6	23	6	23	SL1223	C	23	2	20160219	9	1035	SL1223
20078	1	2015	6	23	6	47	SL1304	B	18	2	20160219	10	367	SL1304
20079	2	2015	6	23	6	4	SL1204	C	4	2	20160219	11	619	SL1204
20080	2	2015	6	23	6	64	SL1321	A	6	2	20160219	12	576	SL1321
20081	1	2015	6	23	8	28	SL1228	C	28	2	20160516	9	456	SL1228
20082	1	2015	6	23	8	50	SL1307	B	21	2	20160219	13	568	SL1307
20083	2	2015	6	23	8	62	SL1319	A	4	2	20160516	10	549	Takanari
20084	2	2015	6	23	8	43	Takanari	B	14	2	20160219	14	548	Takanari
20085	1	2015	6	23	10	1	SL1201	C	1	2	20160219	15	984	SL1230
20086	1	2015	6	23	10	19	SL1219	C	19	2	20160219	16	973	SL1219
20087	1	2015	6	23	14	83	Koshihikari	A	25	2	20160222	7	1222	Koshihikari
20088	1	2015	6	23	14	60	SL1317	A	2	2	20160222	8	562	SL1317
20089	2	2015	6	23	14	45	SL1302	B	16	2	20160222	9	1299	SL1302
20090	2	2015	6	23	14	15	SL1215	C	15	2	20160222	10	968	SL1215
20091	1	2015	6	29	16	85	HP-a	A	27	2	20160222	11	860	HP.a.2
20092	1	2015	6	29	16	8	SL1208	C	8	2	20160222	12	878	SL1209
20093	2	2015	6	23	10	25	SL1225	C	25	2	20160222	1	717	SL1225
20094	2	2015	6	23	10	12	SL1212	C	12	2	20160222	2	547	SL1212
20095	1	2015	6	23	12	39	SL1239	B	10	2	20160222	3	1029	SL1239
20096	1	2015	6	23	12	58	SL1315	B	29	2	20160222	4	1840	SL1315
20097	2	2015	6	23	12	80	SL1337	A	22	2	20160222	5	241	HP.a.2
20098	2	2015	6	23	12	50	SL1307	B	21	2	20160222	6	251	SL1208
20099	2	2015	6	29	16	36	SL1236	B	7	2	20160222	13	960	SL1236
20100	2	2015	6	29	16	20	SL1220	C	20	2	20160222	14	1284	SL1220
20102	1	2015	6	29	18	74	SL1331	A	16	2	20160222	16	369	SL1331
20103	2	2015	6	29	18	5	SL1205	C	5	2	20160516	13	282	SL1205
20104	2	2015	6	29	18	27	SL1227	C	27	2	20160223	1	1654	SL1227
20105	1	2015	6	29	20	56	SL1313	B	27	2	20160223	2	522	SL1313
20106	1	2015	6	29	20	67	SL1324	A	9	2	20160223	3	235	SL1324
20107	2	2015	6	29	20	47	SL1304	B	18	2	20160223	4	542	SL1304
20108	2	2015	6	29	20	75	SL1332	A	17	2	20160223	5	852	SL1332
20109	1	2015	6	29	22	33	SL1233	B	4	2	20160223	6	687	SL1233
20110	1	2015	6	29	22	21	SL1221	C	21	2	20160223	7	550	Unpredictable
20111	2	2015	6	29	22	11	SL1211	C	11	2	20160223	8	594	SL1211
20112	2	2015	6	29	22	72	SL1329	A	14	2	20160223	9	462	SL1329
20113	1	2015	6	30	0	6	SL1206	C	6	2	20160223	10	460	SL1206
20114	1	2015	6	30	0	4	SL1204	C	4	2	20160223	11	418	SL1204
20115	2	2015	6	30	0	40	SL1240	B	11	2	20160223	12	923	SL1240
20116	2	2015	6	30	0	66	SL1323	A	8	2	20160223	13	566	SL1322
20117	1	2015	6	30	2	72	SL1329	A	14	2	20160223	14	423	SL1329
20118	1	2015	6	30	2	2	SL1202	C	2	2	20160223	15	666	SL1202
20119	2	2015	6	30	2	42	Koshihikari	B	13	2	20160223	16	832	Koshihikari
20121	1	2015	6	30	4	57	SL1314	B	28	2	20160223	18	584	SL1314
20122	1	2015	6	30	4	48	SL1305	B	19	2	20160223	19	622	SL1305
20123	2	2015	6	30	4	16	SL1216	C	16	2	20160223	20	849	SL1216
20124	2	2015	6	30	4	23	SL1223	C	23	2	20160223	21	665	SL1223
20125	1	2015	6	30	6	12	SL1212	C	12	3	20160223	22	749	SL1212
20126	1	2015	6	30	6	69	SL1326	A	11	3	20160223	23	683	SL1326
20127	2	2015	6	30	6	19	SL1219	C	19	2	20160223	24	998	SL1326
20128	2	2015	6	30	6	29	SL1229	C	29	2	20160223	25	1356	SL1229
20130	1	2015	6	30	8	76	SL1333	A	18	3	20160223	27	505	SL1333
20131	2	2015	6	30	8	38	SL1238	B	9	2	20160223	28	614	SL1238
20132	2	2015	6	30	8	33	SL1233	B	4	2	20160223	29	854	SL1233
20133	2	2015	6	30	10	77	SL1334	A	19	2	20160223	33	431	SL1334
20134	1	2015	6	30	10	56	SL1313	B	27	3	20160223	31	420	SL1313
20135	2	2015	6	30	10	32	SL1232	B	3	2	20160223	32	413	SL1232
20136	1	2015	6	30	10	19	SL1219	C	19	3	20160223	30	481	SL1211
20137	2	2015	6	30	14	69	SL1326	A	11	2	20160223	40	341	SL1326
20138	2	2015	6	30	14	57	SL1314	B	28	2	20160223	41	597	SL1314
20139	1	2015	7	6	16	60	SL1317	A	2	3	20160223	42	117	SL1317
20141	2	2015	7	6	16	49	SL1306	B	20	2	20160223	44	619	SL1308
20142	1	2015	6	30	14	11	SL1211	C	11	3	20160223	39	645	SL1219
20143	1	2015	6	30	12	51	SL1308	B	22	3	20160223	34	379	SL1308
20144	1	2015	6	30	12	42	Koshihikari	B	13	3	20160223	35	607	Koshihikari
20146	2	2015	6	30	12	39	SL1239	B	10	2	20160223	37	93	SL1239
20147	1	2015	6	30	14	34	SL1234	B	5	3	20160223	38	344	SL1234
20148	2	2015	7	6	16	71	SL1328	A	13	2	20160223	45	603	SL1328
20149	3	2015	7	6	16	22	SL1222	C	22	2	20160223	46	831	SL1222
20150	3	2015	7	6	16	61	SL1318	A	3	2	20160223	47	620	SL1318
20152	1	2015	7	6	18	23	SL1223	C	23	3	20160225	1	290	SL1223
20153	2	2015	7	6	18	1	SL1201	C	1	2	20160225	2	433	SL1201
20154	2	2015	7	6	18	18	SL1218	C	18	2	20160225	3	279	SL1218
20155	3	2015	7	6	18	24	SL1224	C	24	2	20160225	4	1289	SL1224
20156	3	2015	7	6	18	29	SL1229	C	29	2	20160225	5	418	SL1229
20157	1	2015	7	6	20	37	SL1237	B	8	3	20160225	6	638	SL1237
20158	1	2015	7	6	20	73	SL1330	A	15	3	20160225	7	585	SL1330
20159	2	2015	7	6	20	60	SL1317	A	2	2	20160225	8	765	SL1317
20160	2	2015	7	6	20	59	SL1316	A	1	2	20160225	9	425	SL1316
20161	3	2015	7	6	20	8	SL1208	C	8	2	20160225	10	379	SL1208
20162	3	2015	7	6	20	38	SL1238	B	9	2	20160225	11	1164	SL1238
20166	2	2015	7	6	22	24	SL1224	C	24	2	20160225	15	406	SL1224
20168	3	2015	7	6	22	60	SL1317	A	2	2	20160225	17	233	SL1317
20169	1	2015	7	7	0	40	SL1240	B	11	3	20160225	18	680	SL1240
20171	2	2015	7	7	0	79	SL1336	A	21	2	20160225	20	566	SL1336
20172	2	2015	7	7	0	14	SL1214	C	14	2	20160225	21	442	SL1214
20173	3	2015	7	7	0	79	SL1336	A	21	2	20160225	22	717	SL1336
20174	3	2015	7	7	0	78	SL1335	A	20	2	20160225	23	551	SL1335
20177	2	2015	7	7	2	30	SL1230	B	1	2	20160225	26	265	SL1230
20178	2	2015	7	7	2	54	SL1311	B	25	2	20160225	27	301	SL1311
20179	3	2015	7	7	2	3	SL1203	C	3	2	20160225	28	663	SL1203
20180	3	2015	7	7	2	45	SL1302	B	16	2	20160225	29	815	SL1302
20181	1	2015	7	7	4	26	SL1226	C	26	3	20160225	30	677	SL1226
20190	2	2015	7	7	6	31	SL1231	B	2	2	20160226	7	799	SL1231
20191	3	2015	7	7	6	81	SL1338	A	23	2	20160226	8	400	SL1338
20192	3	2015	7	7	6	10	SL1210	C	10	2	20160226	9	1039	SL1210
20193	1	2015	7	7	8	86	HP-b	A	28	3	20160226	10	625	SL1229
20194	1	2015	7	7	8	32	SL1232	B	3	3	20160226	11	914	SL1232
20195	2	2015	7	7	8	28	SL1228	C	28	2	20160226	12	703	SL1238
20196	2	2015	7	7	8	53	SL1310	B	24	2	20160226	13	474	SL1310
20197	3	2015	7	7	8	1	SL1201	C	1	2	20160226	14	849	SL1201
20182	1	2015	7	7	4	6	SL1206	C	6	3	20160225	31	349	SL1231
20183	2	2015	7	7	4	82	SL1339	A	24	2	20160225	32	572	SL1339
20184	2	2015	7	7	4	13	SL1213	C	13	2	20160226	1	499	Unpredictable
20185	3	2015	7	7	4	54	SL1311	B	25	2	20160226	2	489	SL1311
20186	3	2015	7	7	4	69	SL1326	A	11	2	20160226	3	470	SL1232
20187	1	2015	7	7	6	38	SL1238	B	9	3	20160226	4	520	SL1202
20188	1	2015	7	7	6	28	SL1228	C	28	3	20160226	5	472	SL1228
20189	2	2015	7	7	6	83	Koshihikari	A	25	2	20160226	6	875	Unpredictable
20198	3	2015	7	7	8	16	SL1216	C	16	2	20160226	15	1255	SL1216
20199	1	2015	7	7	10	75	SL1332	A	17	3	20160226	16	257	SL1332
20200	1	2015	7	7	12	29	SL1229	C	29	3	20160226	23	735	Koshihikari
20201	2	2015	7	7	12	44	SL1301	B	15	2	20160226	24	1586	SL1301
20202	2	2015	7	7	12	10	SL1210	C	10	2	20160226	25	422	SL1210
20203	3	2015	7	7	12	2	SL1202	C	2	2	20160226	26	805	SL1202
20204	3	2015	7	7	12	76	SL1333	A	18	2	20160226	27	556	SL1333
20205	1	2015	7	7	14	18	SL1218	C	18	3	20160226	28	441	SL1218
20206	1	2015	7	7	10	14	SL1214	C	14	3	20160226	17	283	SL1214
20207	2	2015	7	7	10	78	SL1335	A	20	2	20160226	18	238	SL1335
20208	2	2015	7	7	10	37	SL1237	B	8	2	20160226	19	643	SL1237
20209	3	2015	7	7	10	14	SL1214	C	14	2	20160226	20	511	SL1214
20210	3	2015	7	7	10	50	SL1307	B	21	2	20160226	21	209	SL1307
20211	1	2015	7	7	12	53	SL1310	B	24	3	20160226	22	750	SL1310
20213	2	2015	7	7	14	58	SL1315	B	29	2	20160226	29	782	SL1315
20214	2	2015	7	7	14	3	SL1203	C	3	2	20160226	30	271	SL1203
20215	3	2015	7	7	14	65	SL1322	A	7	2	20160226	31	492	SL1322
20216	3	2015	7	7	14	51	SL1308	B	22	2	20160226	32	497	SL1308
20218	1	2015	7	13	16	59	SL1316	A	1	3	20160226	33	928	SL1316
20219	2	2015	7	13	16	22	SL1222	C	22	2	20160226	34	418	SL1222
20220	2	2015	7	13	16	46	SL1303	B	17	2	20160226	35	443	SL1303
20221	3	2015	7	13	16	57	SL1314	B	28	2	20160226	36	782	SL1314
20222	3	2015	7	13	16	34	SL1234	B	5	2	20160226	37	1006	SL1234
20223	1	2015	7	13	18	1	SL1201	C	1	3	20160226	38	670	SL1201
20224	1	2015	7	13	18	33	SL1233	B	4	3	20160226	39	591	SL1233
20225	2	2015	7	13	18	26	SL1226	C	26	2	20160226	40	801	SL1226
20226	2	2015	7	13	18	74	SL1331	A	16	2	20160226	41	1178	SL1331
20227	3	2015	7	13	18	53	SL1310	B	24	2	20160226	42	581	SL1310
20228	3	2015	7	13	18	43	Takanari	B	14	2	20160226	43	640	Takanari
20229	1	2015	7	13	20	16	SL1216	C	16	3	20160226	44	526	SL1216
20231	2	2015	7	13	20	70	SL1327	A	12	2	20160226	45	688	SL1327
20232	2	2015	7	13	20	8	SL1208	C	8	2	20160226	46	717	SL1208
20233	3	2015	7	13	20	59	SL1316	A	1	2	20160226	47	796	SL1316
20234	3	2015	7	13	20	21	SL1221	C	21	2	20160226	48	407	SL1221
20235	1	2015	7	13	22	21	SL1221	C	21	3	20160301	1	428	Unpredictable
20237	2	2015	7	13	22	86	HP-b	A	28	2	20160301	3	633	Koshihikari
20238	2	2015	7	13	22	84	Takanari	A	26	2	20160301	4	622	Takanari
20239	3	2015	7	13	22	42	Koshihikari	B	13	2	20160301	5	661	Koshihikari
20240	1	2015	7	13	22	62	SL1319	A	4	3	20160301	2	159	SL1319
20241	1	2015	7	14	0	61	SL1318	A	3	3	20160301	7	375	SL1318
20242	1	2015	7	14	0	46	SL1303	B	17	3	20160301	8	208	SL1303
20243	2	2015	7	14	0	76	SL1333	A	18	2	20160301	9	751	SL1333
20244	2	2015	7	14	0	51	SL1308	B	22	2	20160301	10	490	SL1308
20245	3	2015	7	14	0	23	SL1223	C	23	2	20160301	11	662	SL1224
20246	3	2015	7	14	0	32	SL1232	B	3	2	20160301	12	634	SL1232
20247	1	2015	7	14	2	48	SL1305	B	19	3	20160301	13	515	SL1305
20248	1	2015	7	14	2	25	SL1225	C	25	3	20160301	14	714	SL1225
20249	2	2015	7	14	2	17	SL1217	C	17	2	20160301	15	425	SL1217
20250	2	2015	7	14	2	21	SL1221	C	21	2	20160301	16	383	SL1221
20251	3	2015	7	14	2	71	SL1328	A	13	2	20160301	17	494	SL1328
20252	3	2015	7	14	2	70	SL1327	A	12	2	20160301	18	595	SL1327
20253	1	2015	7	14	4	58	SL1315	B	29	3	20160301	19	464	SL1315
20254	1	2015	7	14	4	66	SL1323	A	8	3	20160301	20	629	SL1322
20255	2	2015	7	14	4	61	SL1318	A	3	2	20160301	21	520	SL1318
20256	2	2015	7	14	4	2	SL1202	C	2	2	20160301	22	354	SL1202
20257	3	2015	7	14	4	74	SL1331	A	16	2	20160301	23	773	SL1331
20258	3	2015	7	14	4	67	SL1324	A	9	2	20160301	24	500	SL1324
20259	1	2015	7	14	6	47	SL1304	B	18	3	20160301	25	931	SL1304
20260	1	2015	7	14	6	85	HP-a	A	27	3	20160301	26	488	HP.a.2
20261	2	2015	7	14	6	77	SL1334	A	19	3	20160301	27	548	SL1334
20263	3	2015	7	14	6	72	SL1329	A	14	2	20160301	29	1102	SL1329
20264	3	2015	7	14	6	27	SL1227	C	27	2	20160301	30	639	SL1227
20265	1	2015	7	14	8	68	SL1325	A	10	3	20160301	31	394	SL1325
20266	1	2015	7	14	8	36	SL1236	B	7	3	20160301	32	999	SL1236
20267	2	2015	7	14	8	17	SL1217	C	17	3	20160301	33	925	SL1217
20268	2	2015	7	14	8	26	SL1226	C	26	3	20160301	34	796	SL1226
20269	3	2015	7	14	8	11	SL1211	C	11	2	20160301	35	1250	Unpredictable
20270	3	2015	7	14	8	37	SL1237	B	8	2	20160301	36	1122	SL1237
20271	1	2015	7	14	10	64	SL1321	A	6	3	20160301	37	1414	Unpredictable
20272	1	2015	7	14	10	77	SL1334	A	19	3	20160301	38	694	SL1334
20273	2	2015	7	14	10	14	SL1214	C	14	3	20160301	39	597	Unpredictable
20275	3	2015	7	14	10	13	SL1213	C	13	2	20160301	40	1083	SL1210
20276	3	2015	7	14	10	12	SL1212	C	12	2	20160301	41	977	SL1212
20277	1	2015	7	14	12	74	SL1331	A	16	3	20160301	42	658	SL1331
20278	1	2015	7	14	12	22	SL1222	C	22	3	20160301	43	580	SL1222
20279	2	2015	7	14	12	29	SL1229	C	29	3	20160301	44	693	SL1229
20280	2	2015	7	14	12	71	SL1328	A	13	3	20160301	45	692	SL1328
20281	3	2015	7	14	12	41	SL1241	B	12	2	20160301	46	344	SL1241
20282	3	2015	7	14	12	63	SL1320	A	5	2	20160301	47	588	SL1227
20283	1	2015	7	14	14	2	SL1202	C	2	3	20160301	48	227	SL1202
20284	1	2015	7	14	14	57	SL1314	B	28	3	20160301	49	763	SL1314
20285	2	2015	7	14	14	40	SL1240	B	11	3	20160301	50	450	SL1240
20287	3	2015	7	14	14	18	SL1218	C	18	2	20160516	17	370	SL1218
20288	3	2015	7	14	14	55	SL1312	B	26	2	20160516	18	283	SL1312
20289	1	2015	7	20	16	20	SL1220	C	20	3	20160301	53	389	SL1220
20290	1	2015	7	20	16	72	SL1329	A	14	3	20160301	54	863	Unpredictable
20291	2	2015	7	20	16	2	SL1202	C	2	3	20160301	55	261	SL1202
20292	2	2015	7	20	16	19	SL1219	C	19	3	20160301	56	592	SL1219
20293	3	2015	7	20	16	84	Takanari	A	26	2	20160301	57	312	Takanari
20294	3	2015	7	20	16	20	SL1220	C	20	2	20160301	58	561	SL1220
20295	4	2015	7	20	16	80	SL1337	A	22	2	20160301	59	209	SL1337
20296	4	2015	7	20	16	86	HP-b	A	28	2	20160301	60	404	HP.b.1
20297	1	2015	7	20	18	63	SL1320	A	5	3	20160301	61	311	SL1320
20298	1	2015	7	20	18	45	SL1302	B	16	3	20160301	62	203	SL1302
20299	2	2015	7	20	18	61	SL1318	A	3	3	20160301	63	255	SL1318
20300	2	2015	7	20	18	80	SL1337	A	22	3	20160301	64	510	SL1337
20301	3	2015	7	20	18	52	SL1309	B	23	2	20160309	1	292	Takanari
20302	3	2015	7	20	18	64	SL1321	A	6	2	20160309	2	302	SL1321
20303	4	2015	7	20	18	20	SL1220	C	20	2	20160309	3	635	SL1220
20304	4	2015	7	20	18	18	SL1218	C	18	2	20160516	19	537	SL1218
20305	1	2015	7	20	20	30	SL1230	B	1	3	20160309	4	298	SL1230
20306	1	2015	7	20	20	5	SL1205	C	5	3	20160309	5	463	SL1205
20308	2	2015	7	20	20	74	SL1331	A	16	3	20160309	7	853	SL1331
20309	3	2015	7	20	20	56	SL1313	B	27	2	20160309	8	354	SL1313
20310	4	2015	7	20	20	7	SL1207	C	7	2	20160309	11	430	SL1207
20311	4	2015	7	20	20	61	SL1318	A	3	2	20160309	10	538	SL1318
20312	3	2015	7	20	20	36	SL1236	B	7	2	20160309	9	691	SL1236
20313	1	2015	7	20	22	15	SL1215	C	15	3	20160309	12	657	SL1215
20314	1	2015	7	20	22	55	SL1312	B	26	3	20160309	13	690	SL1313
20315	2	2015	7	20	22	9	SL1209	C	9	3	20160309	14	624	SL1209
20316	2	2015	7	20	22	5	SL1205	C	5	3	20160516	20	457	SL1205
20317	3	2015	7	20	22	6	SL1206	C	6	2	20160309	15	649	SL1206
20318	3	2015	7	20	22	35	SL1235	B	6	2	20160309	16	551	SL1235
20319	4	2015	7	20	22	59	SL1316	A	1	2	20160309	17	1374	SL1317
20320	4	2015	7	20	22	12	SL1212	C	12	2	20160309	18	875	SL1212
20321	1	2015	7	21	0	13	SL1213	C	13	3	20160309	19	730	SL1210
20322	1	2015	7	21	0	3	SL1203	C	3	3	20160309	20	679	SL1203
20323	2	2015	7	21	0	20	SL1220	C	20	3	20160309	21	390	SL1220
20324	2	2015	7	21	0	23	SL1223	C	23	3	20160309	22	463	SL1223
20325	3	2015	7	21	0	75	SL1332	A	17	2	20160309	23	352	SL1332
20326	3	2015	7	21	0	48	SL1305	B	19	2	20160309	24	368	SL1305
20327	4	2015	7	21	0	72	SL1329	A	14	2	20160309	25	875	SL1329
20328	4	2015	7	21	0	6	SL1206	C	6	2	20160309	26	794	SL1206
20329	1	2015	7	21	2	35	SL1235	B	6	3	20160309	27	868	SL1235
20330	1	2015	7	21	2	80	SL1337	A	22	3	20160309	28	884	SL1337
20331	2	2015	7	21	2	33	SL1233	B	4	3	20160309	29	317	SL1233
20332	2	2015	7	21	2	73	SL1330	A	15	3	20160309	30	613	SL1330
20333	3	2015	7	21	2	49	SL1306	B	20	2	20160309	31	375	SL1308
20334	3	2015	7	21	2	77	SL1334	A	19	2	20160309	32	748	Unpredictable
20336	4	2015	7	21	2	67	SL1324	A	9	2	20160309	34	246	SL1324
20338	1	2015	7	21	4	82	SL1339	A	24	3	20160309	36	260	SL1339
20341	3	2015	7	21	4	7	SL1207	C	7	2	20160309	40	150	SL1207
20347	2	2015	7	21	6	24	SL1224	C	24	3	20160309	44	368	SL1224
20351	4	2015	7	21	6	36	SL1236	B	7	2	20160309	48	201	SL1236
20352	4	2015	7	21	6	24	SL1224	C	24	2	20160314	1	560	SL1224
20353	1	2015	7	21	8	44	SL1301	B	15	3	20160314	2	626	Unpredictable
20354	1	2015	7	21	8	24	SL1224	C	24	3	20160314	3	787	SL1224
20355	2	2015	7	21	8	3	SL1203	C	3	3	20160314	4	257	SL1203
20356	2	2015	7	21	8	46	SL1303	B	17	3	20160314	5	574	SL1303
20357	3	2015	7	21	8	47	SL1304	B	18	2	20160314	6	275	SL1304
20358	3	2015	7	21	8	80	SL1337	A	22	2	20160314	7	344	SL1337
20359	4	2015	7	21	8	64	SL1321	A	6	2	20160314	8	392	SL1321
20360	4	2015	7	21	8	53	SL1310	B	24	2	20160314	9	1061	SL1310
20361	1	2015	7	21	10	52	SL1309	B	23	3	20160314	10	571	SL1309
20362	1	2015	7	21	10	10	SL1210	C	10	3	20160314	11	556	SL1210
20363	3	2015	7	21	10	5	SL1205	C	5	2	20160314	15	475	SL1205
20364	2	2015	7	21	10	13	SL1213	C	13	3	20160314	13	372	SL1210
20365	3	2015	7	21	10	40	SL1240	B	11	2	20160314	14	448	SL1240
20366	2	2015	7	21	10	34	SL1234	B	5	3	20160314	12	353	SL1234
20367	4	2015	7	21	10	19	SL1219	C	19	2	20160314	16	432	SL1219
20368	4	2015	7	21	10	9	SL1209	C	9	2	20160315	1	999	SL1209
20369	4	2015	7	21	12	33	SL1233	B	4	2	20160315	7	275	SL1233
20370	1	2015	7	21	12	7	SL1207	C	7	3	20160315	3	671	SL1207
20371	4	2015	7	21	12	76	SL1333	A	18	2	20160315	6	427	SL1333
20372	2	2015	7	21	12	42	Koshihikari	B	13	3	20160315	5	407	Koshihikari
20373	3	2015	7	21	12	31	SL1231	B	2	2	20160516	21	489	SL1231
20375	2	2015	7	21	12	18	SL1218	C	18	3	20160315	4	530	SL1218
20376	1	2015	7	21	12	4	SL1204	C	4	3	20160315	2	526	SL1204
20377	1	2015	7	21	14	54	SL1311	B	25	3	20160315	8	436	SL1311
20378	1	2015	7	21	14	8	SL1208	C	8	3	20160315	9	438	SL1208
20379	2	2015	7	21	14	50	SL1307	B	21	3	20160315	10	294	SL1307
20380	2	2015	7	21	14	57	SL1314	B	28	3	20160315	11	389	SL1314
20381	3	2015	7	21	14	85	HP-a	A	27	2	20160315	12	508	HP.a.2
20382	3	2015	7	21	14	33	SL1233	B	4	2	20160315	13	440	SL1233
20383	4	2015	7	21	14	34	SL1234	B	5	2	20160315	14	453	SL1234
20384	4	2015	7	21	14	51	SL1308	B	22	2	20160315	15	508	SL1308
20385	1	2015	7	27	16	9	SL1209	C	9	3	20160315	16	287	SL1209
20386	1	2015	7	27	16	83	Koshihikari	A	25	3	20160315	17	418	Koshihikari
20387	2	2015	7	27	16	1	SL1201	C	1	3	20160315	18	493	SL1201
20388	2	2015	7	27	16	68	SL1325	A	10	3	20160315	19	403	SL1325
20389	3	2015	7	27	16	86	HP-b	A	28	2	20160315	20	425	HP.b.1
20390	3	2015	7	27	16	19	SL1219	C	19	2	20160315	21	276	SL1219
20391	4	2015	7	27	16	15	SL1215	C	15	2	20160315	22	694	SL1215
20392	4	2015	7	27	16	66	SL1323	A	8	2	20160315	23	344	Takanari
20393	1	2015	7	27	18	27	SL1227	C	27	3	20160315	24	394	SL1227
20394	1	2015	7	27	18	70	SL1327	A	12	3	20160315	25	348	SL1327
20395	2	2015	7	27	18	22	SL1222	C	22	3	20160315	26	315	SL1222
20396	2	2015	7	27	18	65	SL1322	A	7	3	20160516	23	246	SL1322
20398	3	2015	7	27	18	58	SL1315	B	29	2	20160315	28	417	SL1315
20399	4	2015	7	27	18	83	Koshihikari	A	25	2	20160315	29	397	Koshihikari
20400	4	2015	7	27	18	48	SL1305	B	19	2	20160315	30	405	SL1305
20401	1	2015	7	27	20	7	SL1207	C	7	4	20160315	31	523	SL1207
20402	1	2015	7	27	20	68	SL1325	A	10	4	20160315	32	354	SL1325
20403	2	2015	7	27	20	44	SL1301	B	15	3	20160315	33	410	SL1301
20404	2	2015	7	27	20	37	SL1237	B	8	3	20160516	24	358	SL1237
20405	3	2015	7	27	20	26	SL1226	C	26	2	20160315	34	463	SL1226
20406	3	2015	7	27	20	82	SL1339	A	24	2	20160315	35	297	SL1339
20407	4	2015	7	27	20	43	Takanari	B	14	2	20160315	36	417	Takanari
20408	4	2015	7	27	20	14	SL1214	C	14	2	20160315	37	632	SL1214
20409	1	2015	7	27	22	83	Koshihikari	A	25	4	20160315	38	431	Koshihikari
20410	1	2015	7	27	22	57	SL1314	B	28	4	20160315	39	313	SL1314
20412	2	2015	7	27	22	31	SL1231	B	2	3	20160315	40	397	SL1231
20413	3	2015	7	27	22	62	SL1319	A	4	2	20160315	41	506	SL1319
20414	3	2015	7	27	22	17	SL1217	C	17	2	20160315	42	565	SL1217
20415	4	2015	7	27	22	26	SL1226	C	26	2	20160315	43	440	SL1226
20416	4	2015	7	27	22	71	SL1328	A	13	2	20160315	44	447	SL1328
20417	1	2015	7	28	0	74	SL1331	A	16	4	20160315	45	491	SL1331
20418	1	2015	7	28	0	35	SL1235	B	6	4	20160315	46	603	SL1235
20419	2	2015	7	28	0	48	SL1305	B	19	3	20160315	47	743	SL1305
20420	2	2015	7	28	0	82	SL1339	A	24	3	20160315	48	433	SL1339
20421	3	2015	7	28	0	25	SL1225	C	25	2	20160318	1	548	SL1225
20422	3	2015	7	28	0	73	SL1330	A	15	2	20160318	2	242	SL1330
20423	4	2015	7	28	0	40	SL1240	B	11	2	20160318	3	407	SL1240
20424	4	2015	7	28	0	42	Koshihikari	B	13	2	20160318	4	211	Koshihikari
20425	1	2015	7	28	2	21	SL1221	C	21	4	20160318	5	449	SL1221
20426	1	2015	7	28	2	24	SL1224	C	24	4	20160318	6	634	SL1224
20427	2	2015	7	28	2	67	SL1324	A	9	3	20160318	7	747	SL1324
20428	2	2015	7	28	2	15	SL1215	C	15	3	20160318	8	271	SL1215
20429	3	2015	7	28	2	83	Koshihikari	A	25	2	20160318	9	302	Koshihikari
20430	3	2015	7	28	2	46	SL1303	B	17	2	20160318	10	286	SL1303
20431	4	2015	7	28	2	31	SL1231	B	2	2	20160318	11	303	SL1231
20432	4	2015	7	28	2	2	SL1202	C	2	2	20160318	12	403	SL1202
20434	1	2015	7	28	4	18	SL1218	C	18	4	20160318	14	226	SL1218
20435	2	2015	7	28	4	38	SL1238	B	9	3	20160318	15	391	SL1238
20436	2	2015	7	28	4	60	SL1317	A	2	3	20160318	16	282	SL1317
20437	3	2015	7	28	4	68	SL1325	A	10	2	20160318	17	326	SL1325
20438	3	2015	7	28	4	39	SL1239	B	10	2	20160318	18	651	SL1239
20440	4	2015	7	28	4	58	SL1315	B	29	2	20160318	20	1038	SL1315
20441	1	2015	7	28	6	81	SL1338	A	23	4	20160318	21	613	SL1338
20442	1	2015	7	28	6	34	SL1234	B	5	4	20160318	22	633	SL1234
20443	2	2015	7	28	6	36	SL1236	B	7	3	20160318	23	596	SL1236
20444	2	2015	7	28	6	25	SL1225	C	25	3	20160318	24	406	SL1225
20445	3	2015	7	28	6	64	SL1321	A	6	3	20160318	25	280	SL1321
20446	3	2015	7	28	6	23	SL1223	C	23	3	20160318	26	493	SL1222
20447	4	2015	7	28	6	10	SL1210	C	10	2	20160318	27	573	SL1210
20448	4	2015	7	28	6	82	SL1339	A	24	2	20160318	28	510	SL1339
20449	1	2015	7	28	8	23	SL1223	C	23	4	20160318	29	515	SL1223
20450	1	2015	7	28	8	58	SL1315	B	29	4	20160318	30	865	SL1315
20451	2	2015	7	28	8	7	SL1207	C	7	3	20160318	31	1032	SL1207
20452	2	2015	7	28	8	10	SL1210	C	10	3	20160318	32	429	SL1210
20453	3	2015	7	28	8	21	SL1221	C	21	3	20160318	33	1083	SL1221
20454	3	2015	7	28	8	63	SL1320	A	5	3	20160318	34	601	SL1320
20455	4	2015	7	28	8	56	SL1313	B	27	2	20160318	35	278	SL1313
20456	4	2015	7	28	8	21	SL1221	C	21	2	20160318	36	903	SL1221
20457	1	2015	7	28	10	46	SL1303	B	17	4	20160318	37	751	SL1303
20458	1	2015	7	28	10	53	SL1310	B	24	4	20160318	38	360	SL1310
20459	2	2015	7	28	10	66	SL1323	A	8	3	20160318	39	528	SL1322
20460	2	2015	7	28	10	81	SL1338	A	23	3	20160318	40	1101	SL1338
20461	3	2015	7	28	10	43	Takanari	B	14	3	20160318	41	519	Takanari
20462	3	2015	7	28	10	37	SL1237	B	8	3	20160318	42	514	SL1237
20463	4	2015	7	28	10	78	SL1335	A	20	2	20160318	43	903	SL1335
20464	4	2015	7	28	10	81	SL1338	A	23	2	20160318	44	661	SL1338
20465	1	2015	7	28	12	70	SL1327	A	12	4	20160318	45	684	SL1327
20466	1	2015	7	28	12	19	SL1219	C	19	4	20160318	46	432	SL1219
20467	2	2015	7	28	12	54	SL1311	B	25	3	20160318	47	547	SL1311
20468	2	2015	7	28	12	78	SL1335	A	20	3	20160318	48	733	SL1334
20469	3	2015	7	28	12	46	SL1303	B	17	3	20160318	49	771	SL1303
20470	3	2015	7	28	12	73	SL1330	A	15	3	20160318	50	484	SL1330
20471	4	2015	7	28	12	1	SL1201	C	1	2	20160318	51	552	SL1201
20472	4	2015	7	28	12	52	SL1309	B	23	2	20160318	52	537	SL1309
20473	1	2015	7	28	14	13	SL1213	C	13	4	20160318	53	510	SL1210
20474	1	2015	7	28	14	9	SL1209	C	9	4	20160318	54	536	SL1209
20475	2	2015	7	28	14	51	SL1308	B	22	3	20160318	55	531	SL1308
20476	2	2015	7	28	14	21	SL1221	C	21	3	20160318	56	284	Unpredictable
20477	3	2015	7	28	14	7	SL1207	C	7	3	20160318	57	718	SL1207
20478	3	2015	7	28	14	2	SL1202	C	2	3	20160318	58	425	SL1202
20479	4	2015	7	28	14	69	SL1326	A	11	2	20160318	59	524	SL1326
20480	4	2015	7	28	14	27	SL1227	C	27	2	20160318	60	296	SL1227
20481	1	2015	8	3	16	20	SL1220	C	20	4	20160318	61	356	SL1220
20482	1	2015	8	3	16	29	SL1229	C	29	4	20160516	25	235	SL1229
20483	2	2015	8	3	16	35	SL1235	B	6	3	20160318	62	652	SL1235
20484	2	2015	8	3	16	27	SL1227	C	27	3	20160318	63	536	SL1227
20486	3	2015	8	3	16	82	SL1339	A	24	3	20160323	1	311	SL1339
20487	4	2015	8	3	16	46	SL1303	B	17	2	20160323	2	420	SL1303
20488	4	2015	8	3	16	25	SL1225	C	25	2	20160323	3	273	SL1225
20489	1	2015	8	3	18	11	SL1211	C	11	4	20160323	4	410	SL1211
20490	3	2015	8	3	18	61	SL1318	A	3	3	20160323	9	361	SL1318
20491	2	2015	8	3	18	56	SL1313	B	27	3	20160323	6	384	SL1313
20493	3	2015	8	3	18	48	SL1305	B	19	3	20160323	8	352	SL1305
20494	1	2015	8	3	18	32	SL1232	B	3	4	20160323	5	588	SL1232
20495	4	2015	8	3	18	30	SL1230	B	1	2	20160323	10	406	SL1230
20496	4	2015	8	3	18	32	SL1232	B	3	2	20160323	11	567	SL1232
20497	1	2015	8	3	20	82	SL1339	A	24	4	20160323	12	521	SL1339
20498	1	2015	8	3	20	62	SL1319	A	4	4	20160323	13	843	SL1319
20500	2	2015	8	3	20	11	SL1211	C	11	3	20160323	15	563	SL1211
20501	3	2015	8	3	20	14	SL1214	C	14	3	20160323	16	531	SL1214
20502	3	2015	8	3	20	10	SL1210	C	10	3	20160323	17	646	SL1210
20503	4	2015	8	3	20	74	SL1331	A	16	2	20160323	18	551	SL1331
20504	4	2015	8	3	20	23	SL1223	C	23	2	20160323	19	409	SL1223
20505	1	2015	8	3	22	52	SL1309	B	23	4	20160323	20	596	SL1316
20506	1	2015	8	3	22	1	SL1201	C	1	4	20160323	21	519	SL1339
20507	2	2015	8	3	22	76	SL1333	A	18	3	20160323	22	384	SL1319
20508	2	2015	8	3	22	70	SL1327	A	12	3	20160323	23	732	SL1327
20509	3	2015	8	3	22	50	SL1307	B	21	3	20160323	24	535	SL1237
20510	3	2015	8	3	22	69	SL1326	A	11	3	20160323	25	434	SL1210
20511	4	2015	8	3	22	17	SL1217	C	17	2	20160323	26	471	SL1331
20512	4	2015	8	3	22	22	SL1222	C	22	2	20160323	27	562	SL1223
20513	1	2015	8	4	0	8	SL1208	C	8	4	20160323	28	366	Unpredictable
20514	1	2015	8	4	0	69	SL1326	A	11	4	20160323	29	432	SL1326
20515	2	2015	8	4	0	8	SL1208	C	8	3	20160323	30	439	SL1208
20516	2	2015	8	4	0	55	SL1312	B	26	3	20160323	31	536	SL1312
20517	3	2015	8	4	0	34	SL1234	B	5	3	20160323	32	582	SL1234
20518	3	2015	8	4	0	58	SL1315	B	29	3	20160323	33	489	SL1315
20519	4	2015	8	4	0	70	SL1327	A	12	2	20160323	34	444	SL1327
20520	4	2015	8	4	0	8	SL1208	C	8	2	20160323	35	568	SL1208
20521	1	2015	8	4	2	12	SL1212	C	12	4	20160323	36	519	SL1212
20522	4	2015	8	4	2	63	SL1320	A	5	2	20160323	43	506	SL1320
20523	1	2015	8	4	4	73	SL1330	A	15	4	20160323	44	584	SL1330
20524	2	2015	8	4	4	75	SL1332	A	17	3	20160323	45	260	SL1332
20525	2	2015	8	4	4	39	SL1239	B	10	3	20160323	46	353	SL1239
20526	3	2015	8	4	4	28	SL1228	C	28	3	20160323	47	687	SL1228
20527	3	2015	8	4	4	25	SL1225	C	25	3	20160323	48	554	SL1315
20528	1	2015	8	4	2	59	SL1316	A	1	4	20160323	37	414	SL1316
20529	2	2015	8	4	2	58	SL1315	B	29	3	20160323	38	403	SL1225
20531	2	2015	8	4	2	47	SL1304	B	18	3	20160323	39	692	SL1304
20532	3	2015	8	4	2	54	SL1311	B	25	3	20160323	40	536	SL1311
20533	3	2015	8	4	2	32	SL1232	B	3	3	20160323	41	511	SL1232
20534	4	2015	8	4	2	39	SL1239	B	10	2	20160323	42	911	SL1239
20535	4	2015	8	4	4	73	SL1330	A	15	2	20160324	1	728	SL1330
20536	4	2015	8	4	4	38	SL1238	B	9	2	20160324	2	726	SL1238
20537	1	2015	8	4	6	39	SL1239	B	10	4	20160324	3	819	SL1239
20538	1	2015	8	4	6	56	SL1313	B	27	4	20160324	4	370	SL1239
20539	2	2015	8	4	6	84	Takanari	A	26	3	20160324	5	850	Takanari
20540	2	2015	8	4	6	64	SL1321	A	6	3	20160324	6	835	SL1321
20541	3	2015	8	4	6	42	Koshihikari	B	13	3	20160324	7	847	Koshihikari
20542	3	2015	8	4	6	1	SL1201	C	1	3	20160324	8	831	SL1201
20543	4	2015	8	4	6	68	SL1325	A	10	2	20160324	9	678	SL1325
20544	4	2015	8	4	6	11	SL1211	C	11	2	20160324	10	842	SL1211
20545	1	2015	8	4	8	44	SL1301	B	15	4	20160516	26	258	SL1301
20546	1	2015	8	4	8	61	SL1318	A	3	4	20160324	11	568	SL1318
20547	2	2015	8	4	8	30	SL1230	B	1	3	20160324	12	526	SL1230
20548	2	2015	8	4	8	45	SL1302	B	16	3	20160324	13	900	SL1302
20549	3	2015	8	4	8	79	SL1336	A	21	3	20160324	14	477	SL1336
20550	3	2015	8	4	8	75	SL1332	A	17	3	20160324	15	693	SL1332
20551	4	2015	8	4	8	85	HP-a	A	27	2	20160324	16	776	HP.a.1
20552	4	2015	8	4	8	49	SL1306	B	20	2	20160324	17	1248	SL1236
20553	1	2015	8	4	10	22	SL1222	C	22	4	20160324	18	549	SL1222
20554	1	2015	8	4	10	2	SL1202	C	2	4	20160324	19	426	SL1202
20555	2	2015	8	4	10	6	SL1206	C	6	3	20160324	20	600	SL1206
20556	2	2015	8	4	10	53	SL1310	B	24	3	20160324	21	657	SL1310
20557	4	2015	8	4	10	77	SL1334	A	19	2	20160324	24	790	SL1334
20558	3	2015	8	4	10	84	Takanari	A	26	3	20160324	23	647	Takanari
20559	3	2015	8	4	10	19	SL1219	C	19	3	20160324	22	280	SL1219
20560	4	2015	8	4	10	37	SL1237	B	8	2	20160324	25	263	SL1237
20561	1	2015	8	4	12	71	SL1328	A	13	4	20160324	26	749	SL1328
20562	1	2015	8	4	12	15	SL1215	C	15	4	20160324	27	414	SL1215
20563	2	2015	8	4	12	63	SL1320	A	5	3	20160324	28	248	SL1320
20564	2	2015	8	4	12	43	Takanari	B	14	3	20160324	29	874	Takanari
20565	3	2015	8	4	12	35	SL1235	B	6	3	20160324	30	693	SL1235
20566	3	2015	8	4	12	13	SL1213	C	13	3	20160324	31	798	SL1210
20567	4	2015	8	4	12	13	SL1213	C	13	2	20160324	32	912	HP.a
20568	4	2015	8	4	12	41	SL1241	B	12	2	20160324	33	544	SL1241
20569	1	2015	8	4	14	5	SL1205	C	5	4	20160324	34	501	SL1205
20570	1	2015	8	4	14	26	SL1226	C	26	4	20160324	35	532	SL1226
20571	2	2015	8	4	14	4	SL1204	C	4	3	20160324	36	579	SL1204
20572	2	2015	8	4	14	16	SL1216	C	16	3	20160324	37	930	SL1216
20573	3	2015	8	4	14	30	SL1230	B	1	3	20160324	38	373	SL1230
20574	3	2015	8	4	14	6	SL1206	C	6	3	20160324	39	688	SL1206
20575	4	2015	8	4	14	57	SL1314	B	28	2	20160324	40	765	SL1314
20576	4	2015	8	4	14	50	SL1307	B	21	2	20160324	41	294	SL1216
20577	1	2015	8	19	16	60	SL1317	A	2	4	20160324	42	293	SL1326
20579	2	2015	8	19	16	69	SL1326	A	11	3	20160324	44	327	SL1329
20580	2	2015	8	19	16	32	SL1232	B	3	3	20160324	45	345	SL1332
20582	3	2015	8	19	16	72	SL1329	A	14	3	20160324	46	292	SL1319
20583	4	2015	8	19	16	75	SL1332	A	17	2	20160324	47	1007	SL1307
20585	1	2015	8	19	18	30	SL1230	B	1	4	20160328	1	268	SL1230
20587	2	2015	8	19	18	79	SL1336	A	21	3	20160328	3	684	SL1336
20588	2	2015	8	19	18	12	SL1212	C	12	3	20160328	4	418	SL1212
20589	3	2015	8	19	18	62	SL1319	A	4	3	20160328	5	540	SL1319
20590	3	2015	8	19	18	70	SL1327	A	12	3	20160328	6	314	SL1327
20591	4	2015	8	19	18	44	SL1301	B	15	2	20160328	7	548	SL1301
20592	4	2015	8	19	18	54	SL1311	B	25	2	20160328	8	535	SL1311
20593	1	2015	8	19	20	3	SL1203	C	3	4	20160328	9	219	SL1203
20594	1	2015	8	19	20	6	SL1206	C	6	4	20160328	10	274	SL1206
20595	2	2015	8	19	20	17	SL1217	C	17	4	20160328	11	204	SL1217
20597	3	2015	8	19	20	18	SL1218	C	18	3	20160328	13	250	SL1218
20600	4	2015	8	19	20	35	SL1235	B	6	2	20160328	16	328	SL1235
20601	1	2015	8	19	22	28	SL1228	C	28	4	20160328	17	217	SL1228
20602	1	2015	8	19	22	55	SL1312	B	26	4	20160328	18	337	SL1312
20604	2	2015	8	19	22	26	SL1226	C	26	4	20160328	20	399	SL1226
20605	3	2015	8	19	22	47	SL1304	B	18	3	20160328	21	343	SL1304
20606	3	2015	8	19	22	56	SL1313	B	27	3	20160516	28	419	SL1313
20607	4	2015	8	19	22	29	SL1229	C	29	2	20160328	22	584	SL1229
20608	4	2015	8	19	22	84	Takanari	A	26	2	20160328	23	486	Takanari
20609	1	2015	8	20	0	25	SL1225	C	25	4	20160328	24	444	SL1225
20610	1	2015	8	20	0	38	SL1238	B	9	4	20160328	25	405	SL1238
20613	3	2015	8	20	0	59	SL1316	A	1	3	20160328	28	249	SL1316
20614	3	2015	8	20	0	15	SL1215	C	15	3	20160328	29	376	SL1215
20615	4	2015	8	20	0	4	SL1204	C	4	2	20160328	30	304	SL1204
20616	4	2015	8	20	0	55	SL1312	B	26	2	20160328	31	325	SL1312
20617	4	2015	8	20	2	60	SL1317	A	2	2	20160329	7	330	SL1317
20618	4	2015	8	20	2	28	SL1228	C	28	2	20160329	8	303	SL1228
20619	1	2015	8	20	4	17	SL1217	C	17	4	20160329	9	282	SL1217
20620	1	2015	8	20	4	41	SL1241	B	12	4	20160329	10	230	SL1241
20622	2	2015	8	20	4	29	SL1229	C	29	4	20160329	12	324	SL1229
20623	1	2015	8	20	2	85	HP-a	A	27	4	20160329	1	212	Unpredictable
20624	1	2015	8	20	2	77	SL1334	A	19	4	20160329	2	500	SL1334
20625	2	2015	8	20	2	27	SL1227	C	27	4	20160329	3	317	SL1227
20626	2	2015	8	20	2	1	SL1201	C	1	4	20160329	4	466	SL1201
20627	3	2015	8	20	2	44	SL1301	B	15	3	20160329	5	137	SL1301
20628	3	2015	8	20	2	31	SL1231	B	2	3	20160329	6	348	SL1231
20629	3	2015	8	20	4	20	SL1220	C	20	3	20160329	13	317	SL1220
20630	3	2015	8	20	4	22	SL1222	C	22	3	20160329	14	339	SL1222
20631	4	2015	8	20	4	16	SL1216	C	16	2	20160329	15	546	SL1216
20632	4	2015	8	20	4	5	SL1205	C	5	2	20160329	16	458	SL1205
20633	1	2015	8	20	6	48	SL1305	B	19	4	20160331	1	262	SL1305
20634	1	2015	8	20	6	14	SL1214	C	14	4	20160331	2	395	SL1214
20635	2	2015	8	20	6	24	SL1224	C	24	4	20160331	3	357	SL1224
20636	2	2015	8	20	6	28	SL1228	C	28	4	20160331	4	432	SL1228
20637	3	2015	8	20	6	78	SL1335	A	20	3	20160331	5	739	SL1335
20638	3	2015	8	20	6	74	SL1331	A	16	3	20160331	6	509	SL1331
20639	4	2015	8	20	6	67	SL1324	A	9	3	20160331	7	420	SL1324
20640	4	2015	8	20	6	21	SL1221	C	21	3	20160331	8	679	Unpredictable
20641	1	2015	8	20	8	66	SL1323	A	8	4	20160331	9	342	SL1322
20642	1	2015	8	20	8	78	SL1335	A	20	4	20160331	10	758	SL1335
20643	2	2015	8	20	8	57	SL1314	B	28	4	20160331	11	328	SL1314
20644	2	2015	8	20	8	5	SL1205	C	5	4	20160331	12	463	SL1205
20645	3	2015	8	20	8	66	SL1323	A	8	3	20160331	13	521	SL1323
20646	3	2015	8	20	8	8	SL1208	C	8	3	20160331	14	366	SL1208
20647	4	2015	8	20	8	74	SL1331	A	16	3	20160331	15	350	SL1331
20648	4	2015	8	20	8	57	SL1314	B	28	3	20160331	16	414	SL1314
20649	1	2015	8	20	10	72	SL1329	A	14	4	20160331	17	359	SL1329
20650	1	2015	8	20	10	64	SL1321	A	6	4	20160331	18	380	SL1321
20651	2	2015	8	20	10	36	SL1236	B	7	4	20160331	19	590	SL1236
20652	2	2015	8	20	10	76	SL1333	A	18	4	20160331	20	345	SL1333
20654	3	2015	8	20	10	40	SL1240	B	11	3	20160331	22	300	SL1240
20655	4	2015	8	20	10	60	SL1317	A	2	3	20160331	23	558	SL1317
20656	4	2015	8	20	10	51	SL1308	B	22	3	20160331	24	794	SL1308
20657	1	2015	8	20	12	27	SL1227	C	27	4	20160331	25	334	SL1227
20658	1	2015	8	20	12	42	Koshihikari	B	13	4	20160331	26	392	Koshihikari
20659	2	2015	8	20	12	31	SL1231	B	2	4	20160331	27	238	SL1231
20660	2	2015	8	20	12	20	SL1220	C	20	4	20160331	28	292	SL1220
20661	3	2015	8	20	12	12	SL1212	C	12	3	20160331	29	202	SL1212
20662	3	2015	8	20	12	45	SL1302	B	16	3	20160331	30	671	SL1302
20663	4	2015	8	20	12	78	SL1335	A	20	3	20160331	31	550	SL1335
20664	4	2015	8	20	12	32	SL1232	B	3	3	20160331	32	402	SL1337
20665	1	2015	8	20	14	80	SL1337	A	22	4	20160331	33	323	SL1337
20666	1	2015	8	20	14	31	SL1231	B	2	4	20160331	34	547	SL1231
20667	2	2015	8	20	14	15	SL1215	C	15	4	20160331	35	242	SL1215
20668	2	2015	8	20	14	81	SL1338	A	23	4	20160331	36	349	SL1338
20669	3	2015	8	20	14	77	SL1334	A	19	3	20160331	37	511	SL1333
20670	3	2015	8	20	14	29	SL1229	C	29	3	20160331	38	406	SL1229
20671	4	2015	8	20	14	48	SL1305	B	19	3	20160331	39	522	SL1305
20672	4	2015	8	20	14	7	SL1207	C	7	3	20160331	40	596	SL1207
20675	2	2015	8	24	16	25	SL1225	C	25	4	20160331	41	425	SL1225
20676	2	2015	8	24	16	44	SL1301	B	15	4	20160331	42	421	SL1301
20677	3	2015	8	24	16	5	SL1205	C	5	3	20160331	43	219	SL1205
20678	3	2015	8	24	16	33	SL1233	B	4	3	20160331	44	295	SL1233
20679	4	2015	8	24	16	5	SL1205	C	5	3	20160331	45	434	SL1205
20680	4	2015	8	24	16	29	SL1229	C	29	3	20160331	46	587	SL1229
20683	2	2015	8	24	18	52	SL1309	B	23	4	20160331	47	268	SL1309
20685	2	2015	8	24	20	66	SL1323	A	8	4	20160331	55	223	SL1322
20687	3	2015	8	24	20	52	SL1309	B	23	3	20160331	57	339	Takanari
20688	4	2015	8	24	20	8	SL1208	C	8	3	20160331	58	414	SL1208
20690	2	2015	8	24	22	80	SL1337	A	22	4	20160331	59	298	SL1337
20691	2	2015	8	24	22	30	SL1230	B	1	4	20160331	60	255	SL1230
20692	3	2015	8	24	18	76	SL1333	A	18	3	20160331	49	417	SL1333
20693	3	2015	8	24	18	17	SL1217	C	17	3	20160331	50	199	SL1217
20694	4	2015	8	24	18	69	SL1326	A	11	3	20160331	51	233	Unpredictable
20695	4	2015	8	24	18	45	SL1302	B	16	3	20160331	52	377	SL1302
20699	1	2015	8	24	20	47	SL1304	B	18	4	20160331	53	504	SL1304
20700	2	2015	8	24	20	22	SL1222	C	22	4	20160331	54	222	SL1222
20702	3	2015	8	24	22	83	Koshihikari	A	25	3	20160331	62	424	Koshihikari
20703	4	2015	8	24	22	41	SL1241	B	12	3	20160331	63	290	SL1241
20704	4	2015	8	24	22	83	Koshihikari	A	25	3	20160331	64	247	Koshihikari
20707	2	2015	8	25	0	56	SL1313	B	27	4	20160502	1	376	SL1313
20709	3	2015	8	25	0	41	SL1241	B	12	3	20160502	3	737	SL1241
20710	3	2015	8	25	0	57	SL1314	B	28	3	20160502	4	696	SL1314
20711	4	2015	8	25	0	4	SL1204	C	4	3	20160502	5	659	SL1204
20712	4	2015	8	25	0	55	SL1312	B	26	3	20160502	6	377	SL1312
20715	2	2015	8	25	2	9	SL1209	C	9	4	20160502	7	363	SL1209
20718	3	2015	8	25	2	39	SL1239	B	10	3	20160502	10	375	SL1239
20719	4	2015	8	25	2	34	SL1234	B	5	3	20160502	11	502	SL1234
20720	4	2015	8	25	2	36	SL1236	B	7	3	20160502	12	745	SL1236
20723	2	2015	8	25	4	37	SL1237	B	8	4	20160502	13	201	SL1237
20725	3	2015	8	25	4	9	SL1209	C	9	3	20160502	15	635	SL1209
20726	3	2015	8	25	4	36	SL1236	B	7	3	20160502	16	635	SL1236
20728	4	2015	8	25	4	68	SL1325	A	10	3	20160502	18	457	SL1325
20731	2	2015	8	25	6	46	SL1303	B	17	4	20160502	19	404	SL1303
20733	3	2015	8	25	6	60	SL1317	A	2	3	20160502	21	794	SL1317
20734	3	2015	8	25	6	11	SL1211	C	11	3	20160502	22	218	SL1211
20736	4	2015	8	25	6	17	SL1217	C	17	3	20160502	24	406	SL1217
20739	2	2015	8	25	8	69	SL1326	A	11	4	20160502	25	582	SL1326
20743	4	2015	8	25	8	85	HP-a	A	27	3	20160502	29	362	HP.a.2
20744	4	2015	8	25	8	73	SL1330	A	15	3	20160502	30	762	SL1330
20748	2	2015	8	25	10	68	SL1325	A	10	4	20160502	31	668	Unpredictable
20749	3	2015	8	25	10	81	SL1338	A	23	3	20160502	32	730	SL1338
20750	3	2015	8	25	10	67	SL1324	A	9	3	20160502	33	575	SL1324
20751	4	2015	8	25	10	2	SL1202	C	2	3	20160502	34	516	SL1202
20752	4	2015	8	25	10	31	SL1231	B	2	3	20160502	35	687	SL1231
20755	2	2015	8	25	12	48	SL1305	B	19	4	20160502	36	286	SL1305
20756	2	2015	8	25	12	49	SL1306	B	20	4	20160502	37	417	SL1308
20757	3	2015	8	25	12	3	SL1203	C	3	3	20160502	38	600	SL1235
20758	3	2015	8	25	12	53	SL1310	B	24	3	20160502	39	490	SL1310
20759	4	2015	8	25	12	63	SL1320	A	5	3	20160502	40	258	SL1320
20760	4	2015	8	25	12	3	SL1203	C	3	3	20160502	41	500	SL1332
20763	2	2015	8	25	14	75	SL1332	A	17	4	20160502	42	337	SL1203
20764	2	2015	8	25	14	63	SL1320	A	5	4	20160502	43	524	SL1320
20765	3	2015	8	25	14	68	SL1325	A	10	3	20160502	44	291	SL1325
20766	3	2015	8	25	14	49	SL1306	B	20	3	20160502	45	718	SL1308
20767	4	2015	8	25	14	35	SL1235	B	6	3	20160502	46	727	SL1235
20768	4	2015	8	25	14	27	SL1227	C	27	3	20160502	47	488	SL1227
20771	2	2015	8	31	16	62	SL1319	A	4	4	20160502	48	553	SL1309
20772	2	2015	8	31	16	83	Koshihikari	A	25	4	20160502	49	328	Koshihikari
20774	3	2015	8	31	16	71	SL1328	A	13	3	20160502	51	281	SL1328
20775	4	2015	8	31	16	66	SL1323	A	8	3	20160502	52	360	SL1322
20776	4	2015	8	31	16	52	SL1309	B	23	3	20160502	53	435	SL1309
20778	1	2015	8	31	18	27	SL1227	C	27	5	20160502	54	408	SL1227
20779	2	2015	8	31	18	50	SL1307	B	21	4	20160502	55	374	SL1307
20780	2	2015	8	31	18	43	Takanari	B	14	4	20160502	56	290	Takanari
20782	3	2015	8	31	18	65	SL1322	A	7	3	20160502	57	534	SL1322
20783	4	2015	8	31	18	1	SL1201	C	1	3	20160502	58	389	SL1201
20786	1	2015	8	31	20	56	SL1313	B	27	5	20160502	60	226	SL1313
20788	2	2015	8	31	20	72	SL1329	A	14	4	20160502	61	333	SL1329
20789	3	2015	8	31	20	9	SL1209	C	9	4	20160502	62	455	SL1209
20791	4	2015	8	31	20	62	SL1319	A	4	3	20160502	63	474	Unpredictable
20792	4	2015	8	31	20	20	SL1220	C	20	3	20160502	64	326	SL1220
20795	2	2015	8	31	22	2	SL1202	C	2	4	20160506	1	470	SL1202
20796	2	2015	8	31	22	21	SL1221	C	21	4	20160506	2	441	SL1221
20798	3	2015	8	31	22	81	SL1338	A	23	4	20160506	4	272	SL1338
20799	4	2015	8	31	22	72	SL1329	A	14	3	20160506	5	327	SL1329
20800	4	2015	8	31	22	33	SL1233	B	4	3	20160506	6	383	SL1233
20803	2	2015	9	1	0	35	SL1235	B	6	4	20160506	7	414	SL1235
20805	3	2015	9	1	0	6	SL1206	C	6	4	20160506	9	338	SL1206
20806	3	2015	9	1	0	43	Takanari	B	14	4	20160506	10	487	Takanari
20807	4	2015	9	1	0	65	SL1322	A	7	3	20160506	11	234	SL1322
20808	4	2015	9	1	0	10	SL1210	C	10	3	20160506	12	263	SL1210
20811	2	2015	9	1	2	54	SL1311	B	25	4	20160506	13	222	SL1311
20812	2	2015	9	1	2	64	SL1321	A	6	4	20160506	14	318	SL1321
20814	3	2015	9	1	2	67	SL1324	A	9	4	20160506	16	222	SL1324
20815	4	2015	9	1	2	86	HP-b	A	28	3	20160506	17	580	HP.b.1
20816	4	2015	9	1	2	76	SL1333	A	18	3	20160506	18	510	SL1333
20821	3	2015	9	1	4	22	SL1222	C	22	4	20160506	22	621	SL1222
20822	3	2015	9	1	4	23	SL1223	C	23	4	20160506	23	296	SL1223
20823	4	2015	9	1	4	75	SL1332	A	17	3	20160506	24	636	SL1332
20824	4	2015	9	1	4	30	SL1230	B	1	3	20160506	25	384	SL1230
20827	2	2015	9	1	6	58	SL1315	B	29	4	20160506	26	346	SL1315
20829	3	2015	9	1	6	2	SL1202	C	2	4	20160506	28	310	SL1202
20830	3	2015	9	1	6	4	SL1204	C	4	4	20160506	29	586	SL1204
20831	4	2015	9	1	6	50	SL1307	B	21	3	20160506	30	354	SL1307
20832	4	2015	9	1	6	42	Koshihikari	B	13	3	20160506	31	352	Koshihikari
20833	1	2015	9	1	8	28	SL1228	C	28	5	20160506	32	485	SL1228
20835	2	2015	9	1	8	51	SL1308	B	22	4	20160506	33	474	SL1308
20836	2	2015	9	1	8	86	HP-b	A	28	4	20160516	30	411	Koshihikari
20837	3	2015	9	1	8	55	SL1312	B	26	4	20160506	35	447	SL1312
20838	3	2015	9	1	8	71	SL1328	A	13	4	20160506	36	614	SL1328
20839	4	2015	9	1	8	44	SL1301	B	15	3	20160506	37	332	SL1301
20844	2	2015	9	1	10	71	SL1328	A	13	4	20160506	39	237	SL1328
20845	3	2015	9	1	10	53	SL1310	B	24	4	20160506	40	395	SL1310
20846	3	2015	9	1	10	51	SL1308	B	22	4	20160506	41	384	SL1308
20847	4	2015	9	1	10	71	SL1328	A	13	3	20160506	42	473	SL1328
20848	4	2015	9	1	10	16	SL1216	C	16	3	20160506	43	251	SL1216
20851	2	2015	9	1	12	40	SL1240	B	11	4	20160506	44	337	SL1240
20852	2	2015	9	1	12	14	SL1214	C	14	4	20160506	45	356	SL1214
20853	3	2015	9	1	12	8	SL1208	C	8	4	20160506	46	529	SL1208
20854	3	2015	9	1	12	33	SL1233	B	4	4	20160506	47	401	SL1233
20855	4	2015	9	1	12	59	SL1316	A	1	3	20160506	48	239	SL1316
20856	4	2015	9	1	12	53	SL1310	B	24	3	20160509	1	474	SL1310
20860	2	2015	9	1	14	23	SL1223	C	23	4	20160509	2	444	SL1223
20861	3	2015	9	1	14	46	SL1303	B	17	4	20160509	3	526	SL1303
20862	3	2015	9	1	14	80	SL1337	A	22	4	20160509	4	440	SL1337
20863	4	2015	9	1	14	18	SL1218	C	18	3	20160509	5	384	SL1218
20864	4	2015	9	1	14	40	SL1240	B	11	3	20160509	6	521	SL1219
20868	2	2015	9	7	16	77	SL1334	A	19	4	20160509	7	310	SL1316
20879	4	2015	9	7	18	9	SL1209	C	9	3	20160509	13	317	SL1209
20885	3	2015	9	7	20	62	SL1319	A	4	4	20160509	15	325	SL1319
20887	4	2015	9	7	20	49	SL1306	B	20	3	20160509	17	388	SL1308
20894	3	2015	9	7	22	47	SL1304	B	18	4	20160509	20	386	SL1304
20895	4	2015	9	7	22	37	SL1237	B	8	3	20160509	21	341	SL1237
20896	4	2015	9	7	22	13	SL1213	C	13	3	20160509	22	314	SL1210
20901	3	2015	9	8	0	11	SL1211	C	11	4	20160509	23	446	SL1211
20902	3	2015	9	8	0	45	SL1302	B	16	4	20160509	24	795	SL1302
20906	1	2015	9	8	2	14	SL1214	C	14	5	20160509	27	303	SL1214
20910	3	2015	9	8	2	68	SL1325	A	10	4	20160509	28	352	SL1325
20911	4	2015	9	8	2	58	SL1315	B	29	3	20160509	29	223	SL1315
20912	4	2015	9	8	2	24	SL1224	C	24	3	20160509	30	562	SL1224
20917	3	2015	9	8	4	39	SL1239	B	10	4	20160509	31	263	SL1239
20920	4	2015	9	8	4	79	SL1336	A	21	3	20160509	34	291	SL1336
20925	3	2015	9	8	6	52	SL1309	B	23	4	20160509	35	214	Takanari
20927	4	2015	9	8	6	84	Takanari	A	26	3	20160509	37	309	Takanari
20928	4	2015	9	8	6	82	SL1339	A	24	3	20160509	38	409	SL1339
20935	4	2015	9	8	8	6	SL1206	C	6	3	20160509	41	342	SL1206
20936	4	2015	9	8	8	56	SL1313	B	27	3	20160509	42	288	SL1313
20941	3	2015	9	8	10	5	SL1205	C	5	4	20160509	43	325	SL1205
20942	3	2015	9	8	10	83	Koshihikari	A	25	4	20160509	44	442	Koshihikari
20943	4	2015	9	8	10	43	Takanari	B	14	3	20160509	45	449	Takanari
20944	4	2015	9	8	10	39	SL1239	B	10	3	20160509	46	332	SL1239
20949	3	2015	9	8	12	3	SL1203	C	3	4	20160509	47	358	SL1214
20950	3	2015	9	8	12	10	SL1210	C	10	4	20160509	48	511	SL1210
20951	4	2015	9	8	12	12	SL1212	C	12	3	20160510	1	256	SL1212
20952	4	2015	9	8	12	26	SL1226	C	26	3	20160510	2	386	SL1226
20957	3	2015	9	8	14	41	SL1241	B	12	4	20160510	3	253	SL1241
20958	3	2015	9	8	14	64	SL1321	A	6	4	20160510	4	495	SL1321
20959	4	2015	9	8	14	15	SL1215	C	15	3	20160510	5	437	SL1215
20960	4	2015	9	8	14	80	SL1337	A	22	3	20160510	6	461	SL1337
20967	4	2015	9	14	16	14	SL1214	C	14	3	20160510	9	335	SL1214
20973	3	2015	9	14	18	58	SL1315	B	29	4	20160510	11	230	SL1315
20982	3	2015	9	14	20	29	SL1229	C	29	4	20160510	16	224	SL1229
20990	3	2015	9	15	2	35	SL1235	B	6	4	20160510	27	93	SL1235
21008	4	2015	9	15	2	35	SL1235	B	6	4	20160510	30	440	SL1235
21015	4	2015	9	15	4	86	HP-b	A	28	4	20160510	33	226	Unpredictable
21023	3	2015	9	15	10	63	SL1320	A	5	4	20160510	44	441	SL1305
21029	3	2015	9	15	12	49	SL1306	B	20	4	20160510	47	328	HP.b.1
21031	3	2015	9	15	6	69	SL1326	A	11	4	20160510	35	14	SL1326
21037	4	2015	9	15	6	25	SL1225	C	25	4	20160510	37	311	SL1226
21038	4	2015	9	15	6	26	SL1226	C	26	4	20160510	38	20	Unpredictable
21039	4	2015	9	15	10	78	SL1335	A	20	4	20160510	46	675	SL1335
21045	3	2015	9	15	8	21	SL1221	C	21	4	20160510	39	280	SL1308
21047	4	2015	9	15	12	58	SL1315	B	29	4	20160510	49	283	SL1315
21048	4	2015	9	15	12	85	HP-a	A	27	4	20160510	50	249	HP.a.2
21053	3	2015	9	15	14	79	SL1336	A	21	4	20160510	51	299	SL1336
21054	3	2015	9	15	14	85	HP-a	A	27	4	20160510	52	728	HP.a.2
21055	4	2015	9	15	14	11	SL1211	C	11	4	20160510	53	309	SL1211
21057	1	2015	9	21	16	5	SL1205	C	5	5	20160510	55	201	SL1320
21071	4	2015	9	21	18	76	SL1333	A	18	4	20160510	57	347	SL1333
21087	4	2015	9	21	22	27	SL1227	C	27	4	20160510	61	254	SL1227
21088	4	2015	9	21	22	53	SL1310	B	24	4	20160510	62	347	SL1310
21096	4	2015	9	22	0	30	SL1230	B	1	4	20160510	64	318	SL1230
21112	4	2015	9	22	4	8	SL1208	C	8	4	20160512	4	207	SL1208
21119	4	2015	9	22	6	1	SL1201	C	1	4	20160512	5	208	SL1201
21127	4	2015	9	22	8	49	SL1306	B	20	4	20160512	7	463	SL1308
21151	4	2015	9	22	14	70	SL1327	A	12	4	20160512	14	258	SL1327
21152	4	2015	9	22	14	47	SL1304	B	18	4	20160512	15	243	SL1304
21167	4	2015	9	28	18	65	SL1322	A	7	4	20160512	18	211	SL1322
21168	4	2015	9	28	18	22	SL1222	C	22	4	20160512	19	211	SL1222
21175	4	2015	9	28	20	2	SL1202	C	2	4	20160512	20	590	SL1202
21176	4	2015	9	28	20	56	SL1313	B	27	4	20160512	21	325	SL1313
21223	4	2015	9	29	8	66	SL1323	A	8	4	20160512	32	218	SL1325
21231	4	2015	9	29	10	79	SL1336	A	21	4	20160516	2	230	SL1336
21247	4	2015	9	29	14	33	SL1233	B	4	4	20160516	6	252	SL1233
21248	4	2015	9	29	14	44	SL1301	B	15	4	20160516	7	508	SL1230
20013	1	2015	5	26	4	5	SL1205	C	5	2	20160120	1	157	SL1205
20041	1	2015	6	17	8	44	SL1301	B	15	2	20160126	6	112	SL1301
20044	1	2015	6	17	10	36	SL1236	B	7	2	20160126	9	138	SL1236
20101	1	2015	6	29	18	61	SL1318	A	3	2	20160222	15	113	SL1318
20120	2	2015	6	30	2	56	SL1313	B	27	2	20160223	17	109	SL1313
20129	1	2015	6	30	8	84	Takanari	A	26	3	20160223	26	156	Takanari
20163	1	2015	7	6	22	49	SL1306	B	20	3	20160225	12	138	SL1308
20165	2	2015	7	6	22	7	SL1207	C	7	2	20160225	14	135	SL1207
20167	3	2015	7	6	22	28	SL1228	C	28	2	20160225	16	163	SL1228
20170	1	2015	7	7	0	43	Takanari	B	14	3	20160225	19	186	Takanari
20175	1	2015	7	7	2	31	SL1231	B	2	3	20160516	14	185	SL1231
20176	1	2015	7	7	2	81	SL1338	A	23	3	20160516	15	139	SL1338
20217	1	2015	7	13	16	39	SL1239	B	10	3	20160516	16	140	SL1239
20236	3	2015	7	13	22	4	SL1204	C	4	2	20160301	6	711	SL1204
20262	2	2015	7	14	6	72	SL1329	A	14	3	20160301	28	110	SL1329
20307	2	2015	7	20	20	59	SL1316	A	1	3	20160309	6	196	SL1316
20335	4	2015	7	21	2	65	SL1322	A	7	2	20160309	33	128	SL1322
20337	1	2015	7	21	4	67	SL1324	A	9	3	20160309	35	171	SL1324
20339	2	2015	7	21	4	28	SL1228	C	28	3	20160309	37	166	SL1228
20342	3	2015	7	21	4	30	SL1230	B	1	2	20160309	39	319	SL1230
20344	4	2015	7	21	4	47	SL1304	B	18	2	20160309	41	135	SL1304
20345	1	2015	7	21	6	71	SL1328	A	13	3	20160309	42	147	SL1328
20348	2	2015	7	21	6	41	SL1241	B	12	3	20160309	45	189	SL1241
20349	3	2015	7	21	6	9	SL1209	C	9	2	20160309	46	103	SL1209
20350	3	2015	7	21	6	15	SL1215	C	15	2	20160309	47	121	SL1215
20374	3	2015	7	21	12	44	SL1301	B	15	2	20160516	22	175	SL1301
20397	3	2015	7	27	18	66	SL1323	A	8	2	20160315	27	160	SL1322
20433	1	2015	7	28	4	65	SL1322	A	7	4	20160318	13	107	SL1322
20439	4	2015	7	28	4	3	SL1203	C	3	2	20160318	19	190	SL1203
20485	3	2015	8	3	16	85	HP-a	A	27	3	20160318	64	126	HP.a.1
20492	2	2015	8	3	18	83	Koshihikari	A	25	3	20160323	7	186	Koshihikari
20499	2	2015	8	3	20	49	SL1306	B	20	3	20160323	14	101	SL1234
20578	1	2015	8	19	16	16	SL1216	C	16	4	20160324	43	135	SL1316
20581	3	2015	8	19	16	55	SL1312	B	26	3	20160516	27	132	SL1312
20584	4	2015	8	19	16	62	SL1319	A	4	2	20160324	48	143	SL1317
20586	1	2015	8	19	18	49	SL1306	B	20	4	20160328	2	124	SL1308
20596	2	2015	8	19	20	60	SL1317	A	2	4	20160328	12	192	SL1317
20598	3	2015	8	19	20	38	SL1238	B	9	3	20160328	14	168	SL1238
20599	4	2015	8	19	20	45	SL1302	B	16	2	20160328	15	137	SL1302
20603	2	2015	8	19	22	47	SL1304	B	18	4	20160328	19	187	SL1304
20611	2	2015	8	20	0	61	SL1318	A	3	4	20160328	26	176	SL1318
20612	2	2015	8	20	0	78	SL1335	A	20	4	20160328	27	186	SL1335
20621	2	2015	8	20	4	65	SL1322	A	7	4	20160329	11	506	SL1322
20653	3	2015	8	20	10	51	SL1308	B	22	3	20160331	21	186	SL1308
20684	2	2015	8	24	18	33	SL1233	B	4	4	20160331	48	200	SL1235
20686	3	2015	8	24	20	16	SL1216	C	16	3	20160331	56	208	SL1216
20708	2	2015	8	25	0	84	Takanari	A	26	4	20160502	2	175	Takanari
20716	2	2015	8	25	2	10	SL1210	C	10	4	20160502	8	100	SL1210
20717	3	2015	8	25	2	26	SL1226	C	26	3	20160502	9	169	SL1226
20727	4	2015	8	25	4	81	SL1338	A	23	3	20160502	17	189	SL1338
20732	2	2015	8	25	6	73	SL1330	A	15	4	20160502	20	180	SL1330
20735	4	2015	8	25	6	70	SL1327	A	12	3	20160502	23	135	SL1327
20740	2	2015	8	25	8	74	SL1331	A	16	4	20160502	26	101	Takanari
20742	3	2015	8	25	8	80	SL1337	A	22	3	20160502	28	193	SL1337
20784	4	2015	8	31	18	25	SL1225	C	25	3	20160502	59	181	SL1225
20787	2	2015	8	31	20	82	SL1339	A	24	4	20160516	29	166	SL1339
20797	3	2015	8	31	22	61	SL1318	A	3	4	20160506	3	141	SL1318
20804	2	2015	9	1	0	11	SL1211	C	11	4	20160506	8	132	SL1211
20813	3	2015	9	1	2	30	SL1230	B	1	4	20160506	15	166	SL1230
20819	2	2015	9	1	4	39	SL1239	B	10	4	20160506	20	164	SL1239
20820	2	2015	9	1	4	79	SL1336	A	21	4	20160506	21	131	SL1336
20828	2	2015	9	1	6	6	SL1206	C	6	4	20160506	27	118	SL1206
20869	3	2015	9	7	16	59	SL1316	A	1	4	20160509	8	157	SL1316
20870	3	2015	9	7	16	57	SL1314	B	28	4	20160509	9	134	SL1314
20877	3	2015	9	7	18	38	SL1238	B	9	4	20160509	11	160	SL1238
20878	3	2015	9	7	18	34	SL1234	B	5	4	20160509	12	179	SL1234
20880	4	2015	9	7	18	61	SL1318	A	3	3	20160509	14	141	SL1318
20903	4	2015	9	8	0	22	SL1222	C	22	3	20160509	25	192	SL1222
20904	4	2015	9	8	0	77	SL1334	A	19	3	20160509	26	133	SL1334
20918	3	2015	9	8	4	60	SL1317	A	2	4	20160509	32	138	SL1317
20919	4	2015	9	8	4	38	SL1238	B	9	3	20160509	33	174	SL1238
20926	3	2015	9	8	6	70	SL1327	A	12	4	20160509	36	129	SL1327
20933	3	2015	9	8	8	1	SL1201	C	1	4	20160509	39	178	SL1201
20934	3	2015	9	8	8	84	Takanari	A	26	4	20160509	40	187	Takanari
20963	2	2015	9	14	16	71	SL1328	A	13	5	20160510	7	192	SL1210
20974	3	2015	9	14	18	27	SL1227	C	27	4	20160510	12	155	SL1227
20976	4	2015	9	14	18	11	SL1211	C	11	3	20160510	14	132	SL1211
20984	3	2015	9	15	0	32	SL1232	B	3	4	20160510	24	185	SL1232
20989	4	2015	9	15	0	61	SL1318	A	3	4	20160510	26	128	SL1318
20991	3	2015	9	15	2	20	SL1220	C	20	4	20160510	28	177	SL1220
20998	4	2015	9	14	20	52	SL1309	B	23	4	20160510	18	142	SL1309
20999	2	2015	9	14	22	22	SL1222	C	22	5	20160510	19	26	SL1308
21000	3	2015	9	14	22	65	SL1322	A	7	4	20160510	20	121	SL1322
21006	4	2015	9	14	22	41	SL1241	B	12	4	20160510	22	169	SL1241
21007	4	2015	9	15	2	28	SL1228	C	28	4	20160510	29	186	SL1228
21014	3	2015	9	15	4	76	SL1333	A	18	4	20160510	32	117	SL1229
21016	3	2015	9	15	8	12	SL1212	C	12	4	20160510	40	177	SL1212
21030	4	2015	9	15	4	59	SL1316	A	1	4	20160510	34	189	SL1316
21035	2	2015	9	15	10	19	SL1219	C	19	5	20160510	43	137	SL1225
21046	3	2015	9	15	12	16	SL1216	C	16	4	20160510	48	106	SL1216
21056	4	2015	9	15	14	15	SL1215	C	15	4	20160510	54	163	SL1215
21062	3	2015	9	21	16	42	Koshihikari	B	13	4	20160510	56	115	Koshihikari
21095	4	2015	9	22	0	6	SL1206	C	6	4	20160510	63	189	SL1206
21103	4	2015	9	22	2	23	SL1223	C	23	4	20160512	1	163	SL1223
21104	4	2015	9	22	2	3	SL1203	C	3	4	20160512	2	121	SL1203
21111	4	2015	9	22	4	74	SL1331	A	16	4	20160512	3	137	SL1331
21128	4	2015	9	22	8	80	SL1337	A	22	4	20160512	8	155	SL1326
21135	4	2015	9	22	10	69	SL1326	A	11	4	20160512	9	179	SL1236
21136	4	2015	9	22	10	36	SL1236	B	7	4	20160512	10	194	SL1325
21143	4	2015	9	22	12	46	SL1303	B	17	4	20160512	12	110	SL1303
21159	4	2015	9	28	16	20	SL1220	C	20	4	20160512	16	185	SL1220
21184	4	2015	9	28	22	45	SL1302	B	16	4	20160512	23	126	Unpredictable
21192	4	2015	9	29	0	37	SL1237	B	8	4	20160512	25	185	Unpredictable
21207	4	2015	9	29	4	29	SL1229	C	29	4	20160512	29	142	SL1229
21215	4	2015	9	29	6	84	Takanari	A	26	4	20160512	30	100	Takanari
21216	4	2015	9	29	6	31	SL1231	B	2	4	20160512	31	112	SL1231
21224	4	2015	9	29	8	64	SL1321	A	6	4	20160516	1	123	SL1321
21232	4	2015	9	29	10	82	SL1339	A	24	4	20160516	3	125	SL1339
21239	4	2015	9	29	12	77	SL1334	A	19	4	20160516	4	190	SL1334
21240	4	2015	9	29	12	24	SL1224	C	24	4	20160516	5	178	SL1224
20145	2	2015	6	30	12	34	SL1234	B	5	2	20160223	36	614	SL1234
20151	1	2015	7	6	18	50	SL1307	B	21	3	20160223	48	142	SL1307
21120	4	2015	9	22	6	38	SL1238	B	9	4	20160512	6	185	SL1238
20009	1	2015	5	26	0	54	SL1311	B	25	2	20151210	22	15	Koshihikari
20037	1	2015	6	17	4	69	SL1326	A	11	2	20160120	16	56	SL1326
20046	1	2015	6	17	12	12	SL1212	C	12	2	20160126	11	95	SL1212
20047	1	2015	6	17	14	75	SL1332	A	17	2	20160126	12	73	SL1310
20140	1	2015	7	6	16	65	SL1322	A	7	3	20160223	43	267	SL1322
20164	1	2015	7	6	22	17	SL1217	C	17	3	20160225	13	99	SL1217
20340	2	2015	7	21	4	62	SL1319	A	4	3	20160309	38	71	SL1319
20346	1	2015	7	21	6	41	SL1241	B	12	3	20160309	43	77	Unpredictable
20701	3	2015	8	24	22	86	HP-b	A	28	3	20160331	61	96	HP.b.1
20724	2	2015	8	25	4	67	SL1324	A	9	4	20160502	14	68	SL1324
20741	3	2015	8	25	8	24	SL1224	C	24	3	20160502	27	90	SL1224
20773	3	2015	8	31	16	4	SL1204	C	4	3	20160502	50	42	SL1204
20818	1	2015	9	1	4	65	SL1322	A	7	5	20160506	19	7	SL1207
20843	2	2015	9	1	10	55	SL1312	B	26	4	20160506	38	76	SL1312
20871	4	2015	9	7	16	54	SL1311	B	25	3	20160509	10	8	SL1311
20886	3	2015	9	7	20	36	SL1236	B	7	4	20160509	16	42	SL1236
20888	4	2015	9	7	20	46	SL1303	B	17	3	20160509	18	87	SL1303
20893	3	2015	9	7	22	86	HP-b	A	28	4	20160509	19	93	HP.b.1
20965	3	2015	9	14	16	77	SL1334	A	19	4	20160510	8	93	SL1334
20968	4	2015	9	14	16	23	SL1223	C	23	3	20160510	10	51	SL1223
20975	4	2015	9	14	18	64	SL1321	A	6	3	20160510	13	14	SL1321
20981	3	2015	9	14	20	50	SL1307	B	21	4	20160510	15	80	SL1307
20983	3	2015	9	15	0	44	SL1301	B	15	4	20160510	23	28	SL1301
20987	2	2015	9	14	22	22	SL1222	C	22	5	20160510	19	26	SL1338
20997	4	2015	9	14	20	75	SL1332	A	17	4	20160510	17	86	SL1332
21005	3	2015	9	14	22	25	SL1225	C	25	4	20160510	21	256	SL1225
21013	3	2015	9	15	4	40	SL1240	B	11	4	20160510	31	58	SL1227
21021	4	2015	9	15	8	54	SL1311	B	25	4	20160510	41	247	SL1311
21022	2	2015	9	15	10	19	SL1219	C	19	5	20160510	43	137	SL1233
21024	3	2015	9	15	10	7	SL1207	C	7	4	20160510	45	588	SL1320
21072	4	2015	9	21	18	43	Takanari	B	14	4	20160510	58	91	Takanari
21080	4	2015	9	21	20	9	SL1209	C	9	4	20160510	60	67	SL1209
21183	4	2015	9	28	22	10	SL1210	C	10	4	20160512	22	1	Unpredictable
21191	4	2015	9	29	0	14	SL1214	C	14	4	20160512	24	89	SL1214
