sampleID	library	index	LibraryPrep96Col	LibraryPrep96Row	TransPlantSet	year	month	day	hour	LineID	LineName	ColPos	RowPos	PlantPos	RnaExtractionDate	DailySampleNo	BoxNo	TecanConc
20001	Os2015EVO-1-2	1	1	A	1	2015	5	25	16	7	SL1207	C	7	2	20151203	1	1	1418
20002	Os2015EVO-1-2	2	1	B	1	2015	5	25	16	82	SL1339	A	24	2	20151203	2	1	1592
20003	Os2015EVO-1-2	3	1	C	1	2015	5	25	18	40	SL1240	B	11	2	20151203	3	1	1314
20004	Os2015EVO-1-2	4	1	D	1	2015	5	25	18	17	SL1217	C	17	2	20151203	4	1	1122
20005	Os2015EVO-1-2	5	1	E	1	2015	5	25	20	34	SL1234	B	5	2	20151203	5	1	1121
20006	Os2015EVO-1-2	6	1	F	1	2015	5	25	20	27	SL1227	C	27	2	20151203	6	1	1321
20007	Os2015EVO-1-2	7	1	G	1	2015	5	25	22	35	SL1235	B	6	2	20151203	7	1	1363
20008	Os2015EVO-1-2	8	1	H	1	2015	5	25	22	37	SL1237	B	8	2	20151203	8	1	1264
20009	Os2015EVO-9-10-11	151	7	C	1	2015	5	26	0	54	Unpredictable	B	25	2	20151210	22	1	15
20011	Os2015EVO-1-2	9	2	A	1	2015	5	26	2	68	Koshihikari	A	10	2	20151210	23	1	527
20012	Os2015EVO-1-2	10	2	B	1	2015	5	26	2	71	Koshihikari	A	13	2	20151210	24	1	531
20014	Os2015EVO-1-2	11	2	C	1	2015	5	26	4	29	SL1229	C	29	2	20151210	26	1	736
20013	Os2015EVO-9-10-11	30	4	F	1	2015	5	26	4	5	SL1205	C	5	2	20160120	1	1	157
20015	Os2015EVO-1-2	12	2	D	1	2015	5	26	6	80	SL1337	A	22	2	20151210	27	1	624
20016	Os2015EVO-1-2	13	2	E	1	2015	5	26	6	31	SL1231	B	2	2	20151210	28	1	1130
20017	Os2015EVO-1-2	14	2	F	1	2015	5	26	8	14	SL1214	C	14	2	20151210	29	1	1005
20018	Os2015EVO-1-2	15	2	G	1	2015	5	26	8	79	SL1336	A	21	2	20151210	30	1	583
20019	Os2015EVO-1-2	16	2	H	1	2015	5	26	10	62	SL1319	A	4	2	20151210	31	1	1296
20020	Os2015EVO-1-2	17	3	A	1	2015	5	26	10	32	SL1232	B	3	2	20151210	32	1	1493
20021	Os2015EVO-1-2	18	3	B	1	2015	5	26	12	55	SL1312	B	26	2	20160120	2	1	1865
20022	Os2015EVO-1-2	19	3	C	1	2015	5	26	12	76	SL1333	A	18	2	20160126	1	1	1750
20023	Os2015EVO-1-2	21	3	E	1	2015	5	26	14	16	SL1216	C	16	2	20160120	4	1	2571
20024	Os2015EVO-1-2	20	3	D	1	2015	5	26	14	45	SL1302	B	16	2	20160120	3	1	1385
20025	Os2015EVO-1-2	22	3	F	1	2015	6	16	16	86	HP-b	A	28	2	20160120	5	1	1013
20026	Os2015EVO-1-2	23	3	G	1	2015	6	16	16	24	SL1224	C	24	2	20160120	6	1	636
20027	Os2015EVO-1-2	24	3	H	1	2015	6	16	18	15	SL1215	C	15	2	20160120	7	1	1005
20028	Os2015EVO-1-2	25	4	A	1	2015	6	16	18	43	Takanari	B	14	2	20160120	8	1	1168
20029	Os2015EVO-1-2	26	4	B	1	2015	6	16	20	64	SL1321	A	6	2	20160120	9	1	1162
20030	Os2015EVO-1-2	27	4	C	1	2015	6	16	20	51	SL1308	B	22	2	20160120	10	1	641
20031	Os2015EVO-1-2	28	4	D	1	2015	6	16	22	52	SL1309	B	23	2	20160126	2	1	639
20032	Os2015EVO-1-2	29	4	E	1	2015	6	16	22	26	SL1226	C	26	2	20160120	11	1	1125
20033	Os2015EVO-1-2	30	4	F	1	2015	6	17	0	10	SL1210	C	10	2	20160120	12	1	1681
20034	Os2015EVO-1-2	31	4	G	1	2015	6	17	0	66	SL1322	A	8	2	20160120	13	1	1048
20035	Os2015EVO-1-2	32	4	H	1	2015	6	17	2	20	SL1220	C	20	2	20160120	14	1	691
20036	Os2015EVO-1-2	33	5	A	1	2015	6	17	2	18	SL1218	C	18	2	20160120	15	1	802
20038	Os2015EVO-1-2	34	5	B	1	2015	6	17	4	77	SL1334	A	19	2	20160126	3	1	1045
20037	Os2015EVO-9-10-11	152	7	D	1	2015	6	17	4	69	Unpredictable	A	11	2	20160120	16	1	56
20039	Os2015EVO-1-2	35	5	C	1	2015	6	17	6	9	SL1209	C	9	2	20160126	4	1	1098
20040	Os2015EVO-1-2	36	5	D	1	2015	6	17	6	63	Unpredictable	A	5	2	20160126	5	1	894
20042	Os2015EVO-1-2	37	5	E	1	2015	6	17	8	65	SL1322	A	7	2	20160126	7	1	513
20041	Os2015EVO-9-10-11	31	4	G	1	2015	6	17	8	44	SL1301	B	15	2	20160126	6	1	112
20043	Os2015EVO-1-2	38	5	F	1	2015	6	17	10	38	SL1238	B	9	2	20160126	8	1	1282
20044	Os2015EVO-9-10-11	32	4	H	1	2015	6	17	10	36	SL1236	B	7	2	20160126	9	1	138
20045	Os2015EVO-1-2	39	5	G	1	2015	6	17	12	3	SL1203	C	3	2	20160126	10	1	908
20046	Os2015EVO-9-10-11	153	7	E	1	2015	6	17	12	12	SL1212	C	12	2	20160126	11	1	95
20048	Os2015EVO-1-2	40	5	H	1	2015	6	17	14	46	SL1303	B	17	2	20160126	13	1	648
20047	Os2015EVO-9-10-11	154	7	F	1	2015	6	17	14	75	SL1310	A	17	2	20160126	12	1	73
20049	Os2015EVO-1-2	41	6	A	1	2015	6	22	16	53	SL1310	B	24	2	20160126	14	1	627
20050	Os2015EVO-1-2	42	6	B	1	2015	6	22	16	13	SL1210	C	13	2	20160126	15	1	731
20051	Os2015EVO-1-2	43	6	C	2	2015	6	22	16	65	SL1322	A	7	2	20160126	16	1	690
20052	Os2015EVO-1-2	44	6	D	2	2015	6	22	16	81	SL1338	A	23	2	20160205	1	1	887
20053	Os2015EVO-1-2	45	6	E	1	2015	6	22	18	42	Koshihikari	B	13	2	20160205	2	1	875
20054	Os2015EVO-1-2	46	6	F	1	2015	6	22	18	59	SL1316	A	1	2	20160205	3	1	984
20055	Os2015EVO-1-2	47	6	G	2	2015	6	22	18	9	SL1209	C	9	2	20160205	4	1	825
20056	Os2015EVO-1-2	48	6	H	2	2015	6	22	18	48	SL1305	B	19	2	20160205	5	1	1148
20057	Os2015EVO-1-2	49	7	A	1	2015	6	22	20	41	SL1241	B	12	2	20160205	6	1	1200
20058	Os2015EVO-1-2	50	7	B	1	2015	6	22	20	11	SL1211	C	11	2	20160205	7	1	905
20059	Os2015EVO-1-2	51	7	C	2	2015	6	22	20	55	SL1312	B	26	2	20160205	8	1	1163
20060	Os2015EVO-1-2	52	7	D	2	2015	6	22	20	52	SL1316	B	23	2	20160205	9	1	1142
20061	Os2015EVO-1-2	53	7	E	1	2015	6	22	22	81	SL1338	A	23	2	20160205	10	1	698
20062	Os2015EVO-1-2	54	7	F	1	2015	6	22	22	70	SL1327	A	12	2	20160205	11	1	572
20063	Os2015EVO-1-2	55	7	G	2	2015	6	22	22	73	SL1330	A	15	2	20160205	12	1	717
20064	Os2015EVO-1-2	56	7	H	2	2015	6	22	22	67	SL1324	A	9	2	20160205	13	1	666
20065	Os2015EVO-1-2	57	8	A	1	2015	6	23	0	22	SL1222	C	22	2	20160219	1	1	822
20066	Os2015EVO-1-2	58	8	B	1	2015	6	23	0	49	SL1308	B	20	2	20160205	14	1	470
20067	Os2015EVO-1-2	59	8	C	2	2015	6	23	0	63	Unpredictable	A	5	2	20160205	15	1	1084
20068	Os2015EVO-1-2	60	8	D	2	2015	6	23	0	35	SL1235	B	6	2	20160205	16	1	1063
20069	Os2015EVO-1-2	61	8	E	1	2015	6	23	2	30	SL1301	B	1	2	20160516	8	1	237
20070	Os2015EVO-1-2	62	8	F	1	2015	6	23	2	73	SL1330	A	15	2	20160219	2	1	803
20071	Os2015EVO-1-2	63	8	G	2	2015	6	23	2	41	SL1241	B	12	2	20160219	3	1	1466
20072	Os2015EVO-1-2	64	8	H	2	2015	6	23	2	6	SL1206	C	6	2	20160219	4	1	983
20073	Os2015EVO-1-2	65	9	A	1	2015	6	23	4	25	SL1225	C	25	2	20160219	5	1	1213
20074	Os2015EVO-1-2	66	9	B	1	2015	6	23	4	84	Takanari	A	26	2	20160219	6	1	558
20075	Os2015EVO-1-2	67	9	C	2	2015	6	23	4	85	Koshihikari	A	27	2	20160219	7	1	1116
20076	Os2015EVO-1-2	68	9	D	2	2015	6	23	4	68	SL1325	A	10	2	20160219	8	1	534
20077	Os2015EVO-1-2	69	9	E	1	2015	6	23	6	23	SL1223	C	23	2	20160219	9	1	1035
20078	Os2015EVO-1-2	70	9	F	1	2015	6	23	6	47	SL1304	B	18	2	20160219	10	1	367
20079	Os2015EVO-1-2	71	9	G	2	2015	6	23	6	4	SL1204	C	4	2	20160219	11	1	619
20080	Os2015EVO-1-2	72	9	H	2	2015	6	23	6	64	SL1322	A	6	2	20160219	12	1	576
20081	Os2015EVO-1-2	73	10	A	1	2015	6	23	8	28	SL1228	C	28	2	20160516	9	1	456
20082	Os2015EVO-1-2	74	10	B	1	2015	6	23	8	50	SL1307	B	21	2	20160219	13	1	568
20083	Os2015EVO-1-2	75	10	C	2	2015	6	23	8	62	Takanari	A	4	2	20160516	10	1	549
20084	Os2015EVO-1-2	76	10	D	2	2015	6	23	8	43	Takanari	B	14	2	20160219	14	1	548
20085	Os2015EVO-1-2	77	10	E	1	2015	6	23	10	1	SL1230	C	1	2	20160219	15	1	984
20086	Os2015EVO-1-2	78	10	F	1	2015	6	23	10	19	SL1219	C	19	2	20160219	16	1	973
20093	Os2015EVO-1-2	79	10	G	2	2015	6	23	10	25	SL1225	C	25	2	20160222	1	1	717
20094	Os2015EVO-1-2	80	10	H	2	2015	6	23	10	12	SL1212	C	12	2	20160222	2	1	547
20095	Os2015EVO-1-2	81	11	A	1	2015	6	23	12	39	SL1239	B	10	2	20160222	3	1	1029
20096	Os2015EVO-1-2	82	11	B	1	2015	6	23	12	58	SL1315	B	29	2	20160222	4	1	1840
20087	Os2015EVO-1-2	85	11	E	1	2015	6	23	14	83	Koshihikari	A	25	2	20160222	7	1	1222
20088	Os2015EVO-1-2	86	11	F	1	2015	6	23	14	60	SL1317	A	2	2	20160222	8	1	562
20089	Os2015EVO-1-2	87	11	G	2	2015	6	23	14	45	SL1302	B	16	2	20160222	9	1	1299
20090	Os2015EVO-1-2	88	11	H	2	2015	6	23	14	15	SL1215	C	15	2	20160222	10	1	968
20091	Os2015EVO-1-2	89	12	A	1	2015	6	29	16	85	HP-a	A	27	2	20160222	11	1	860
20092	Os2015EVO-1-2	90	12	B	1	2015	6	29	16	8	SL1209	C	8	2	20160222	12	1	878
20099	Os2015EVO-1-2	91	12	C	2	2015	6	29	16	36	SL1236	B	7	2	20160222	13	1	960
20100	Os2015EVO-1-2	92	12	D	2	2015	6	29	16	20	SL1220	C	20	2	20160222	14	1	1284
20102	Os2015EVO-1-2	93	12	E	1	2015	6	29	18	74	SL1331	A	16	2	20160222	16	1	369
20103	Os2015EVO-1-2	94	12	F	2	2015	6	29	18	5	SL1205	C	5	2	20160516	13	1	282
20104	Os2015EVO-1-2	95	12	G	2	2015	6	29	18	27	SL1227	C	27	2	20160223	1	2	1654
20101	Os2015EVO-9-10-11	33	5	A	1	2015	6	29	18	61	SL1318	A	3	2	20160222	15	1	113
20105	Os2015EVO-1-2	96	12	H	1	2015	6	29	20	56	SL1313	B	27	2	20160223	2	2	522
20106	Os2015EVO-1-2	101	1	A	1	2015	6	29	20	67	SL1324	A	9	2	20160223	3	2	235
20107	Os2015EVO-1-2	102	1	B	2	2015	6	29	20	47	SL1304	B	18	2	20160223	4	2	542
20108	Os2015EVO-1-2	103	1	C	2	2015	6	29	20	75	SL1332	A	17	2	20160223	5	2	852
20109	Os2015EVO-1-2	104	1	D	1	2015	6	29	22	33	SL1233	B	4	2	20160223	6	2	687
20110	Os2015EVO-1-2	105	1	E	1	2015	6	29	22	21	Unpredictable	C	21	2	20160223	7	2	550
20111	Os2015EVO-1-2	106	1	F	2	2015	6	29	22	11	SL1211	C	11	2	20160223	8	2	594
20112	Os2015EVO-1-2	107	1	G	2	2015	6	29	22	72	SL1329	A	14	2	20160223	9	2	462
20113	Os2015EVO-1-2	108	1	H	1	2015	6	30	0	6	SL1206	C	6	2	20160223	10	2	460
20114	Os2015EVO-1-2	109	2	A	1	2015	6	30	0	4	SL1204	C	4	2	20160223	11	2	418
20115	Os2015EVO-1-2	110	2	B	2	2015	6	30	0	40	SL1240	B	11	2	20160223	12	2	923
20116	Os2015EVO-1-2	111	2	C	2	2015	6	30	0	66	SL1322	A	8	2	20160223	13	2	566
20117	Os2015EVO-1-2	112	2	D	1	2015	6	30	2	72	SL1329	A	14	2	20160223	14	2	423
20118	Os2015EVO-1-2	113	2	E	1	2015	6	30	2	2	SL1202	C	2	2	20160223	15	2	666
20119	Os2015EVO-1-2	114	2	F	2	2015	6	30	2	42	Koshihikari	B	13	2	20160223	16	2	832
20120	Os2015EVO-9-10-11	34	5	B	2	2015	6	30	2	56	SL1313	B	27	2	20160223	17	2	109
20121	Os2015EVO-1-2	115	2	G	1	2015	6	30	4	57	SL1314	B	28	2	20160223	18	2	584
20122	Os2015EVO-1-2	116	2	H	1	2015	6	30	4	48	SL1305	B	19	2	20160223	19	2	622
20123	Os2015EVO-1-2	117	3	A	2	2015	6	30	4	16	SL1216	C	16	2	20160223	20	2	849
20124	Os2015EVO-1-2	118	3	B	2	2015	6	30	4	23	SL1223	C	23	2	20160223	21	2	665
20125	Os2015EVO-1-2	119	3	C	1	2015	6	30	6	12	SL1212	C	12	3	20160223	22	2	749
20126	Os2015EVO-1-2	120	3	D	1	2015	6	30	6	69	SL1326	A	11	3	20160223	23	2	683
20128	Os2015EVO-1-2	122	3	F	2	2015	6	30	6	29	SL1229	C	29	2	20160223	25	2	1356
20130	Os2015EVO-1-2	123	3	G	1	2015	6	30	8	76	SL1333	A	18	3	20160223	27	2	505
20131	Os2015EVO-1-2	124	3	H	2	2015	6	30	8	38	SL1238	B	9	2	20160223	28	2	614
20132	Os2015EVO-1-2	125	4	A	2	2015	6	30	8	33	SL1233	B	4	2	20160223	29	2	854
20129	Os2015EVO-9-10-11	35	5	C	1	2015	6	30	8	84	Takanari	A	26	3	20160223	26	2	156
20133	Os2015EVO-1-2	126	4	B	1	2015	6	30	10	19	SL1334	C	19	3	20160223	30	2	481
20134	Os2015EVO-1-2	127	4	C	1	2015	6	30	10	56	SL1313	B	27	3	20160223	31	2	420
20135	Os2015EVO-1-2	128	4	D	2	2015	6	30	10	32	SL1232	B	3	2	20160223	32	2	413
20142	Os2015EVO-1-2	129	4	E	2	2015	6	30	10	77	SL1219	A	19	2	20160223	33	2	431
20143	Os2015EVO-1-2	130	4	F	1	2015	6	30	12	51	SL1308	B	22	3	20160223	34	2	379
20144	Os2015EVO-1-2	131	4	G	1	2015	6	30	12	42	Koshihikari	B	13	3	20160223	35	2	607
20146	Os2015EVO-9-10-11	155	7	G	2	2015	6	30	12	39	SL1239	B	10	2	20160223	37	2	93
20145	Os2015EVO-1-2	132	4	H	2	2015	6	30	12	34	SL1234	B	5	2	20160223	36	2	614
20136	Os2015EVO-1-2	134	5	B	1	2015	6	30	14	11	SL1211	C	11	3	20160223	39	2	645
20137	Os2015EVO-1-2	135	5	C	2	2015	6	30	14	69	SL1326	A	11	2	20160223	40	2	341
20138	Os2015EVO-1-2	136	5	D	2	2015	6	30	14	57	SL1314	B	28	2	20160223	41	2	597
20147	Os2015EVO-1-2	133	5	A	1	2015	6	30	14	34	SL1234	B	5	3	20160223	38	2	344
20139	Os2015EVO-9-10-11	147	6	G	1	2015	7	6	16	60	SL1317	A	2	3	20160223	42	2	117
20141	Os2015EVO-1-2	138	5	F	2	2015	7	6	16	49	SL1308	B	20	2	20160223	44	2	619
20148	Os2015EVO-1-2	139	5	G	2	2015	7	6	16	71	SL1328	A	13	2	20160223	45	2	603
20149	Os2015EVO-1-2	140	5	H	3	2015	7	6	16	22	SL1222	C	22	2	20160223	46	2	831
20150	Os2015EVO-1-2	141	6	A	3	2015	7	6	16	61	SL1318	A	3	2	20160223	47	2	620
20140	Os2015EVO-1-2	137	5	E	1	2015	7	6	16	65	SL1322	A	7	3	20160223	43	2	267
20152	Os2015EVO-1-2	142	6	B	1	2015	7	6	18	23	SL1223	C	23	3	20160225	1	2	290
20153	Os2015EVO-1-2	143	6	C	2	2015	7	6	18	1	SL1201	C	1	2	20160225	2	2	433
20154	Os2015EVO-1-2	144	6	D	2	2015	7	6	18	18	SL1218	C	18	2	20160225	3	2	279
20155	Os2015EVO-1-2	145	6	E	3	2015	7	6	18	24	SL1224	C	24	2	20160225	4	2	1289
20156	Os2015EVO-1-2	146	6	F	3	2015	7	6	18	29	SL1229	C	29	2	20160225	5	2	418
20151	Os2015EVO-9-10-11	148	6	H	1	2015	7	6	18	50	SL1307	B	21	3	20160223	48	2	142
20157	Os2015EVO-1-2	147	6	G	1	2015	7	6	20	37	SL1237	B	8	3	20160225	6	2	638
20158	Os2015EVO-1-2	148	6	H	1	2015	7	6	20	73	SL1330	A	15	3	20160225	7	2	585
20159	Os2015EVO-1-2	149	7	A	2	2015	7	6	20	60	SL1317	A	2	2	20160225	8	2	765
20160	Os2015EVO-1-2	150	7	B	2	2015	7	6	20	59	SL1316	A	1	2	20160225	9	2	425
20161	Os2015EVO-1-2	151	7	C	3	2015	7	6	20	8	SL1208	C	8	2	20160225	10	2	379
20162	Os2015EVO-1-2	152	7	D	3	2015	7	6	20	38	SL1238	B	9	2	20160225	11	2	1164
20166	Os2015EVO-1-2	153	7	E	2	2015	7	6	22	24	SL1224	C	24	2	20160225	15	2	406
20168	Os2015EVO-1-2	154	7	F	3	2015	7	6	22	60	SL1317	A	2	2	20160225	17	2	233
20163	Os2015EVO-9-10-11	38	5	F	1	2015	7	6	22	49	SL1308	B	20	3	20160225	12	2	138
20165	Os2015EVO-9-10-11	39	5	G	2	2015	7	6	22	7	SL1207	C	7	2	20160225	14	2	135
20167	Os2015EVO-9-10-11	40	5	H	3	2015	7	6	22	28	SL1228	C	28	2	20160225	16	2	163
20164	Os2015EVO-9-10-11	156	7	H	1	2015	7	6	22	17	SL1217	C	17	3	20160225	13	2	99
20169	Os2015EVO-1-2	155	7	G	1	2015	7	7	0	40	SL1240	B	11	3	20160225	18	2	680
20171	Os2015EVO-1-2	156	7	H	2	2015	7	7	0	79	SL1336	A	21	2	20160225	20	2	566
20172	Os2015EVO-1-2	157	8	A	2	2015	7	7	0	14	SL1214	C	14	2	20160225	21	2	442
20173	Os2015EVO-1-2	158	8	B	3	2015	7	7	0	79	SL1336	A	21	2	20160225	22	2	717
20174	Os2015EVO-1-2	159	8	C	3	2015	7	7	0	78	SL1335	A	20	2	20160225	23	2	551
20170	Os2015EVO-9-10-11	41	6	A	1	2015	7	7	0	43	Takanari	B	14	3	20160225	19	2	186
20177	Os2015EVO-1-2	160	8	D	2	2015	7	7	2	30	SL1230	B	1	2	20160225	26	2	265
20178	Os2015EVO-1-2	161	8	E	2	2015	7	7	2	54	SL1311	B	25	2	20160225	27	2	301
20179	Os2015EVO-1-2	162	8	F	3	2015	7	7	2	3	SL1203	C	3	2	20160225	28	2	663
20180	Os2015EVO-1-2	163	8	G	3	2015	7	7	2	45	SL1302	B	16	2	20160225	29	2	815
20175	Os2015EVO-9-10-11	42	6	B	1	2015	7	7	2	31	SL1231	B	2	3	20160516	14	2	185
20176	Os2015EVO-9-10-11	43	6	C	1	2015	7	7	2	81	SL1338	A	23	3	20160516	15	2	139
20181	Os2015EVO-1-2	164	8	H	1	2015	7	7	4	26	SL1226	C	26	3	20160225	30	2	677
20182	Os2015EVO-1-2	173	10	A	1	2015	7	7	4	6	Unpredictable	C	6	3	20160225	31	2	349
20183	Os2015EVO-1-2	174	10	B	2	2015	7	7	4	82	SL1339	A	24	2	20160225	32	2	572
20184	Os2015EVO-1-2	175	10	C	2	2015	7	7	4	13	Unpredictable	C	13	2	20160226	1	2	499
20185	Os2015EVO-1-2	176	10	D	3	2015	7	7	4	54	SL1311	B	25	2	20160226	2	2	489
20186	Os2015EVO-1-2	177	10	E	3	2015	7	7	4	69	Unpredictable	A	11	2	20160226	3	2	470
20190	Os2015EVO-1-2	165	9	A	2	2015	7	7	6	31	SL1231	B	2	2	20160226	7	2	799
20191	Os2015EVO-1-2	166	9	B	3	2015	7	7	6	81	SL1338	A	23	2	20160226	8	2	400
20192	Os2015EVO-1-2	167	9	C	3	2015	7	7	6	10	SL1210	C	10	2	20160226	9	2	1039
20187	Os2015EVO-1-2	178	10	F	1	2015	7	7	6	38	Unpredictable	B	9	3	20160226	4	2	520
20188	Os2015EVO-1-2	179	10	G	1	2015	7	7	6	28	SL1228	C	28	3	20160226	5	2	472
20189	Os2015EVO-1-2	180	10	H	2	2015	7	7	6	83	Unpredictable	A	25	2	20160226	6	2	875
20193	Os2015EVO-1-2	170	9	F	2	2015	7	7	8	28	SL1241	C	28	2	20160226	12	2	703
20194	Os2015EVO-1-2	169	9	E	1	2015	7	7	8	32	SL1232	B	3	3	20160226	11	2	914
20195	Os2015EVO-1-2	168	9	D	1	2015	7	7	8	86	Unpredictable	A	28	3	20160226	10	2	625
20196	Os2015EVO-1-2	171	9	G	2	2015	7	7	8	53	SL1310	B	24	2	20160226	13	2	474
20197	Os2015EVO-1-2	172	9	H	3	2015	7	7	8	1	SL1201	C	1	2	20160226	14	2	849
20198	Os2015EVO-1-2	181	11	A	3	2015	7	7	8	16	SL1216	C	16	2	20160226	15	2	1255
20199	Os2015EVO-1-2	182	11	B	1	2015	7	7	10	75	SL1332	A	17	3	20160226	16	2	257
20206	Os2015EVO-1-2	183	11	C	1	2015	7	7	10	14	SL1214	C	14	3	20160226	17	2	283
20207	Os2015EVO-1-2	184	11	D	2	2015	7	7	10	78	SL1335	A	20	2	20160226	18	2	238
20208	Os2015EVO-1-2	185	11	E	2	2015	7	7	10	37	SL1237	B	8	2	20160226	19	2	643
20209	Os2015EVO-1-2	186	11	F	3	2015	7	7	10	14	SL1214	C	14	2	20160226	20	2	511
20210	Os2015EVO-1-2	187	11	G	3	2015	7	7	10	50	SL1307	B	21	2	20160226	21	2	209
20200	Os2015EVO-1-2	189	12	A	1	2015	7	7	12	29	Koshihikari	C	29	3	20160226	23	3	735
20201	Os2015EVO-1-2	190	12	B	2	2015	7	7	12	44	SL1301	B	15	2	20160226	24	3	1586
20202	Os2015EVO-1-2	191	12	C	2	2015	7	7	12	10	SL1210	C	10	2	20160226	25	3	422
20203	Os2015EVO-1-2	192	12	D	3	2015	7	7	12	2	SL1202	C	2	2	20160226	26	3	805
20204	Os2015EVO-1-2	193	12	E	3	2015	7	7	12	76	SL1333	A	18	2	20160226	27	3	556
20211	Os2015EVO-1-2	188	11	H	1	2015	7	7	12	53	SL1310	B	24	3	20160226	22	3	750
20205	Os2015EVO-1-2	194	12	F	1	2015	7	7	14	18	SL1218	C	18	3	20160226	28	3	441
20213	Os2015EVO-1-2	195	12	G	2	2015	7	7	14	58	SL1315	B	29	2	20160226	29	3	782
20214	Os2015EVO-1-2	196	12	H	2	2015	7	7	14	3	SL1203	C	3	2	20160226	30	3	271
20215	Os2015EVO-3-4	1	1	A	3	2015	7	7	14	65	SL1322	A	7	2	20160226	31	3	492
20216	Os2015EVO-3-4	2	1	B	3	2015	7	7	14	51	SL1308	B	22	2	20160226	32	3	497
20218	Os2015EVO-3-4	3	1	C	1	2015	7	13	16	59	SL1316	A	1	3	20160226	33	3	928
20219	Os2015EVO-3-4	4	1	D	2	2015	7	13	16	22	SL1222	C	22	2	20160226	34	3	418
20220	Os2015EVO-3-4	5	1	E	2	2015	7	13	16	46	SL1303	B	17	2	20160226	35	3	443
20221	Os2015EVO-3-4	6	1	F	3	2015	7	13	16	57	SL1314	B	28	2	20160226	36	3	782
20222	Os2015EVO-3-4	7	1	G	3	2015	7	13	16	34	SL1234	B	5	2	20160226	37	3	1006
20217	Os2015EVO-9-10-11	44	6	D	1	2015	7	13	16	39	SL1239	B	10	3	20160516	16	3	140
20223	Os2015EVO-3-4	8	1	H	1	2015	7	13	18	1	SL1201	C	1	3	20160226	38	3	670
20224	Os2015EVO-3-4	9	2	A	1	2015	7	13	18	33	SL1233	B	4	3	20160226	39	3	591
20225	Os2015EVO-3-4	10	2	B	2	2015	7	13	18	26	SL1226	C	26	2	20160226	40	3	801
20226	Os2015EVO-3-4	11	2	C	2	2015	7	13	18	74	SL1331	A	16	2	20160226	41	3	1178
20227	Os2015EVO-3-4	12	2	D	3	2015	7	13	18	53	SL1310	B	24	2	20160226	42	3	581
20228	Os2015EVO-3-4	13	2	E	3	2015	7	13	18	43	Takanari	B	14	2	20160226	43	3	640
20229	Os2015EVO-3-4	14	2	F	1	2015	7	13	20	16	SL1216	C	16	3	20160226	44	3	526
20231	Os2015EVO-3-4	15	2	G	2	2015	7	13	20	70	SL1327	A	12	2	20160226	45	3	688
20232	Os2015EVO-3-4	16	2	H	2	2015	7	13	20	8	SL1208	C	8	2	20160226	46	3	717
20233	Os2015EVO-3-4	17	3	A	3	2015	7	13	20	59	SL1316	A	1	2	20160226	47	3	796
20234	Os2015EVO-3-4	18	3	B	3	2015	7	13	20	21	Koshihikari	C	21	2	20160226	48	3	407
20235	Os2015EVO-3-4	19	3	C	1	2015	7	13	22	21	Unpredictable	C	21	3	20160301	1	3	428
20237	Os2015EVO-3-4	20	3	D	2	2015	7	13	22	86	Koshihikari	A	28	2	20160301	3	3	633
20238	Os2015EVO-3-4	21	3	E	2	2015	7	13	22	84	Takanari	A	26	2	20160301	4	3	622
20239	Os2015EVO-3-4	22	3	F	3	2015	7	13	22	42	Koshihikari	B	13	2	20160301	5	3	661
20240	Os2015EVO-3-4	23	3	G	3	2015	7	13	22	4	SL1319	C	4	2	20160301	6	3	711
20236	Os2015EVO-9-10-11	45	6	E	1	2015	7	13	22	62	SL1204	A	4	3	20160301	2	3	159
20241	Os2015EVO-3-4	24	3	H	1	2015	7	14	0	61	SL1318	A	3	3	20160301	7	3	375
20242	Os2015EVO-3-4	25	4	A	1	2015	7	14	0	46	SL1303	B	17	3	20160301	8	3	208
20243	Os2015EVO-3-4	26	4	B	2	2015	7	14	0	76	SL1333	A	18	2	20160301	9	3	751
20244	Os2015EVO-3-4	27	4	C	2	2015	7	14	0	51	SL1308	B	22	2	20160301	10	3	490
20245	Os2015EVO-3-4	28	4	D	3	2015	7	14	0	23	SL1224	C	23	2	20160301	11	3	662
20246	Os2015EVO-3-4	29	4	E	3	2015	7	14	0	32	SL1232	B	3	2	20160301	12	3	634
20247	Os2015EVO-3-4	30	4	F	1	2015	7	14	2	48	SL1305	B	19	3	20160301	13	3	515
20248	Os2015EVO-3-4	31	4	G	1	2015	7	14	2	25	SL1225	C	25	3	20160301	14	3	714
20249	Os2015EVO-3-4	32	4	H	2	2015	7	14	2	17	SL1217	C	17	2	20160301	15	3	425
20250	Os2015EVO-3-4	33	5	A	2	2015	7	14	2	21	Koshihikari	C	21	2	20160301	16	3	383
20251	Os2015EVO-3-4	34	5	B	3	2015	7	14	2	71	SL1328	A	13	2	20160301	17	3	494
20252	Os2015EVO-3-4	35	5	C	3	2015	7	14	2	70	SL1327	A	12	2	20160301	18	3	595
20253	Os2015EVO-3-4	36	5	D	1	2015	7	14	4	58	SL1315	B	29	3	20160301	19	3	464
20254	Os2015EVO-3-4	37	5	E	1	2015	7	14	4	66	SL1322	A	8	3	20160301	20	3	629
20255	Os2015EVO-3-4	38	5	F	2	2015	7	14	4	61	SL1318	A	3	2	20160301	21	3	520
20256	Os2015EVO-3-4	39	5	G	2	2015	7	14	4	2	SL1202	C	2	2	20160301	22	3	354
20257	Os2015EVO-3-4	40	5	H	3	2015	7	14	4	74	SL1331	A	16	2	20160301	23	3	773
20258	Os2015EVO-3-4	41	6	A	3	2015	7	14	4	67	SL1324	A	9	2	20160301	24	3	500
20259	Os2015EVO-3-4	42	6	B	1	2015	7	14	6	47	SL1304	B	18	3	20160301	25	3	931
20260	Os2015EVO-3-4	43	6	C	1	2015	7	14	6	85	HP-a	A	27	3	20160301	26	3	488
20261	Os2015EVO-3-4	44	6	D	2	2015	7	14	6	77	SL1334	A	19	3	20160301	27	3	548
20263	Os2015EVO-3-4	45	6	E	3	2015	7	14	6	72	SL1329	A	14	2	20160301	29	3	1102
20264	Os2015EVO-3-4	46	6	F	3	2015	7	14	6	27	SL1227	C	27	2	20160301	30	3	639
20262	Os2015EVO-9-10-11	46	6	F	2	2015	7	14	6	72	SL1329	A	14	3	20160301	28	3	110
20266	Os2015EVO-3-4	48	6	H	1	2015	7	14	8	36	SL1236	B	7	3	20160301	32	3	999
20267	Os2015EVO-3-4	49	7	A	2	2015	7	14	8	17	SL1217	C	17	3	20160301	33	3	925
20268	Os2015EVO-3-4	50	7	B	2	2015	7	14	8	26	SL1226	C	26	3	20160301	34	3	796
20269	Os2015EVO-3-4	51	7	C	3	2015	7	14	8	11	Unpredictable	C	11	2	20160301	35	3	1250
20270	Os2015EVO-3-4	52	7	D	3	2015	7	14	8	37	SL1237	B	8	2	20160301	36	3	1122
20271	Os2015EVO-3-4	53	7	E	1	2015	7	14	10	64	Unpredictable	A	6	3	20160301	37	3	1414
20272	Os2015EVO-3-4	54	7	F	1	2015	7	14	10	77	SL1334	A	19	3	20160301	38	3	694
20273	Os2015EVO-3-4	55	7	G	2	2015	7	14	10	14	SL1214	C	14	3	20160301	39	3	597
20275	Os2015EVO-3-4	56	7	H	3	2015	7	14	10	13	SL1210	C	13	2	20160301	40	3	1083
20276	Os2015EVO-3-4	57	8	A	3	2015	7	14	10	12	SL1212	C	12	2	20160301	41	3	977
20277	Os2015EVO-3-4	58	8	B	1	2015	7	14	12	74	SL1331	A	16	3	20160301	42	3	658
20278	Os2015EVO-3-4	59	8	C	1	2015	7	14	12	22	SL1222	C	22	3	20160301	43	3	580
20279	Os2015EVO-3-4	60	8	D	2	2015	7	14	12	29	SL1229	C	29	3	20160301	44	3	693
20280	Os2015EVO-3-4	61	8	E	2	2015	7	14	12	71	SL1328	A	13	3	20160301	45	3	692
20281	Os2015EVO-3-4	62	8	F	3	2015	7	14	12	41	SL1241	B	12	2	20160301	46	3	344
20282	Os2015EVO-3-4	63	8	G	3	2015	7	14	12	63	Unpredictable	A	5	2	20160301	47	3	588
20283	Os2015EVO-3-4	64	8	H	1	2015	7	14	14	2	SL1202	C	2	3	20160301	48	3	227
20284	Os2015EVO-3-4	65	9	A	1	2015	7	14	14	57	SL1314	B	28	3	20160301	49	3	763
20285	Os2015EVO-3-4	66	9	B	2	2015	7	14	14	40	SL1240	B	11	3	20160301	50	3	450
20287	Os2015EVO-3-4	67	9	C	3	2015	7	14	14	18	SL1218	C	18	2	20160516	17	3	370
20288	Os2015EVO-3-4	68	9	D	3	2015	7	14	14	55	SL1312	B	26	2	20160516	18	3	283
20289	Os2015EVO-3-4	69	9	E	1	2015	7	20	16	20	SL1220	C	20	3	20160301	53	3	389
20290	Os2015EVO-3-4	70	9	F	1	2015	7	20	16	72	Unpredictable	A	14	3	20160301	54	3	863
20291	Os2015EVO-3-4	71	9	G	2	2015	7	20	16	2	SL1202	C	2	3	20160301	55	3	261
20292	Os2015EVO-3-4	72	9	H	2	2015	7	20	16	19	SL1219	C	19	3	20160301	56	3	592
20293	Os2015EVO-3-4	73	10	A	3	2015	7	20	16	84	Takanari	A	26	2	20160301	57	3	312
20294	Os2015EVO-3-4	74	10	B	3	2015	7	20	16	20	SL1220	C	20	2	20160301	58	3	561
20295	Os2015EVO-3-4	75	10	C	4	2015	7	20	16	80	SL1337	A	22	2	20160301	59	3	209
20296	Os2015EVO-3-4	76	10	D	4	2015	7	20	16	86	Unpredictable	A	28	2	20160301	60	3	404
20297	Os2015EVO-3-4	77	10	E	1	2015	7	20	18	63	Unpredictable	A	5	3	20160301	61	3	311
20298	Os2015EVO-3-4	78	10	F	1	2015	7	20	18	45	SL1302	B	16	3	20160301	62	3	203
20299	Os2015EVO-3-4	79	10	G	2	2015	7	20	18	61	SL1318	A	3	3	20160301	63	3	255
20300	Os2015EVO-3-4	80	10	H	2	2015	7	20	18	80	SL1337	A	22	3	20160301	64	3	510
20301	Os2015EVO-3-4	81	11	A	3	2015	7	20	18	52	Takanari	B	23	2	20160309	1	3	292
20302	Os2015EVO-3-4	82	11	B	3	2015	7	20	18	64	SL1321	A	6	2	20160309	2	3	302
20303	Os2015EVO-3-4	83	11	C	4	2015	7	20	18	20	SL1220	C	20	2	20160309	3	3	635
20304	Os2015EVO-3-4	84	11	D	4	2015	7	20	18	18	SL1218	C	18	2	20160516	19	3	537
20305	Os2015EVO-3-4	85	11	E	1	2015	7	20	20	30	SL1230	B	1	3	20160309	4	3	298
20306	Os2015EVO-3-4	86	11	F	1	2015	7	20	20	5	SL1205	C	5	3	20160309	5	3	463
20308	Os2015EVO-3-4	87	11	G	2	2015	7	20	20	74	SL1331	A	16	3	20160309	7	3	853
20309	Os2015EVO-3-4	88	11	H	3	2015	7	20	20	56	SL1313	B	27	2	20160309	8	3	354
20310	Os2015EVO-3-4	91	12	C	4	2015	7	20	20	7	SL1207	C	7	2	20160309	11	4	430
20311	Os2015EVO-3-4	90	12	B	4	2015	7	20	20	61	SL1318	A	3	2	20160309	10	3	538
20312	Os2015EVO-3-4	89	12	A	3	2015	7	20	20	36	SL1236	B	7	2	20160309	9	3	691
20307	Os2015EVO-9-10-11	47	6	G	2	2015	7	20	20	59	SL1316	A	1	3	20160309	6	3	196
20313	Os2015EVO-3-4	92	12	D	1	2015	7	20	22	15	SL1215	C	15	3	20160309	12	4	657
20314	Os2015EVO-3-4	93	12	E	1	2015	7	20	22	55	SL1312	B	26	3	20160309	13	4	690
20315	Os2015EVO-3-4	94	12	F	2	2015	7	20	22	9	SL1209	C	9	3	20160309	14	4	624
20316	Os2015EVO-3-4	95	12	G	2	2015	7	20	22	5	SL1205	C	5	3	20160516	20	4	457
20317	Os2015EVO-3-4	96	12	H	3	2015	7	20	22	6	SL1206	C	6	2	20160309	15	4	649
20318	Os2015EVO-3-4	101	1	A	3	2015	7	20	22	35	SL1235	B	6	2	20160309	16	4	551
20319	Os2015EVO-3-4	102	1	B	4	2015	7	20	22	59	SL1317	A	1	2	20160309	17	4	1374
20320	Os2015EVO-3-4	103	1	C	4	2015	7	20	22	12	SL1212	C	12	2	20160309	18	4	875
20321	Os2015EVO-3-4	104	1	D	1	2015	7	21	0	13	SL1210	C	13	3	20160309	19	4	730
20322	Os2015EVO-3-4	105	1	E	1	2015	7	21	0	3	SL1203	C	3	3	20160309	20	4	679
20323	Os2015EVO-3-4	106	1	F	2	2015	7	21	0	20	SL1220	C	20	3	20160309	21	4	390
20324	Os2015EVO-3-4	107	1	G	2	2015	7	21	0	23	SL1223	C	23	3	20160309	22	4	463
20325	Os2015EVO-3-4	108	1	H	3	2015	7	21	0	75	SL1332	A	17	2	20160309	23	4	352
20326	Os2015EVO-3-4	109	2	A	3	2015	7	21	0	48	SL1305	B	19	2	20160309	24	4	368
20327	Os2015EVO-3-4	110	2	B	4	2015	7	21	0	72	SL1329	A	14	2	20160309	25	4	875
20328	Os2015EVO-3-4	111	2	C	4	2015	7	21	0	6	SL1206	C	6	2	20160309	26	4	794
20329	Os2015EVO-3-4	112	2	D	1	2015	7	21	2	35	SL1235	B	6	3	20160309	27	4	868
20330	Os2015EVO-3-4	113	2	E	1	2015	7	21	2	80	SL1337	A	22	3	20160309	28	4	884
20331	Os2015EVO-3-4	114	2	F	2	2015	7	21	2	33	SL1233	B	4	3	20160309	29	4	317
20332	Os2015EVO-3-4	115	2	G	2	2015	7	21	2	73	SL1330	A	15	3	20160309	30	4	613
20333	Os2015EVO-3-4	116	2	H	3	2015	7	21	2	49	SL1308	B	20	2	20160309	31	4	375
20334	Os2015EVO-3-4	117	3	A	3	2015	7	21	2	77	Unpredictable	A	19	2	20160309	32	4	748
20336	Os2015EVO-3-4	118	3	B	4	2015	7	21	2	67	SL1324	A	9	2	20160309	34	4	246
20335	Os2015EVO-9-10-11	48	6	H	4	2015	7	21	2	65	SL1322	A	7	2	20160309	33	4	128
20338	Os2015EVO-3-4	119	3	C	1	2015	7	21	4	82	SL1339	A	24	3	20160309	36	4	260
20341	Os2015EVO-3-4	120	3	D	3	2015	7	21	4	30	SL1207	B	1	2	20160309	39	4	319
20337	Os2015EVO-9-10-11	49	7	A	1	2015	7	21	4	67	SL1324	A	9	3	20160309	35	4	171
20339	Os2015EVO-9-10-11	50	7	B	2	2015	7	21	4	28	SL1228	C	28	3	20160309	37	4	166
20342	Os2015EVO-3-4	120	3	D	3	2015	7	21	4	30	SL1230	B	1	2	20160309	39	4	319
20344	Os2015EVO-9-10-11	52	7	D	4	2015	7	21	4	47	SL1304	B	18	2	20160309	41	4	135
20340	Os2015EVO-9-10-11	157	8	A	2	2015	7	21	4	62	SL1319	A	4	3	20160309	38	4	71
20347	Os2015EVO-3-4	121	3	E	2	2015	7	21	6	24	SL1224	C	24	3	20160309	44	4	368
20351	Os2015EVO-3-4	122	3	F	4	2015	7	21	6	36	SL1236	B	7	2	20160309	48	4	201
20352	Os2015EVO-3-4	123	3	G	4	2015	7	21	6	24	SL1224	C	24	2	20160314	1	4	560
20345	Os2015EVO-9-10-11	53	7	E	1	2015	7	21	6	71	SL1328	A	13	3	20160309	42	4	147
20348	Os2015EVO-9-10-11	54	7	F	2	2015	7	21	6	41	SL1241	B	12	3	20160309	45	4	189
20349	Os2015EVO-9-10-11	55	7	G	3	2015	7	21	6	9	SL1209	C	9	2	20160309	46	4	103
20350	Os2015EVO-9-10-11	56	7	H	3	2015	7	21	6	15	SL1215	C	15	2	20160309	47	4	121
20346	Os2015EVO-9-10-11	158	8	B	1	2015	7	21	6	41	SL1241	B	12	3	20160309	43	4	77
20353	Os2015EVO-3-4	124	3	H	1	2015	7	21	8	44	Unpredictable	B	15	3	20160314	2	4	626
20354	Os2015EVO-3-4	125	4	A	1	2015	7	21	8	24	SL1224	C	24	3	20160314	3	4	787
20355	Os2015EVO-3-4	126	4	B	2	2015	7	21	8	3	SL1203	C	3	3	20160314	4	4	257
20356	Os2015EVO-3-4	127	4	C	2	2015	7	21	8	46	SL1303	B	17	3	20160314	5	4	574
20357	Os2015EVO-3-4	128	4	D	3	2015	7	21	8	47	SL1304	B	18	2	20160314	6	4	275
20358	Os2015EVO-3-4	129	4	E	3	2015	7	21	8	80	SL1337	A	22	2	20160314	7	4	344
20359	Os2015EVO-3-4	130	4	F	4	2015	7	21	8	64	SL1321	A	6	2	20160314	8	4	392
20360	Os2015EVO-3-4	131	4	G	4	2015	7	21	8	53	SL1310	B	24	2	20160314	9	4	1061
20361	Os2015EVO-3-4	132	4	H	1	2015	7	21	10	52	Unpredictable	B	23	3	20160314	10	4	571
20362	Os2015EVO-3-4	133	5	A	1	2015	7	21	10	10	SL1210	C	10	3	20160314	11	4	556
20363	Os2015EVO-3-4	137	5	E	3	2015	7	21	10	5	SL1205	C	5	2	20160314	15	4	475
20364	Os2015EVO-3-4	135	5	C	2	2015	7	21	10	13	SL1210	C	13	3	20160314	13	4	372
20365	Os2015EVO-3-4	136	5	D	3	2015	7	21	10	40	SL1240	B	11	2	20160314	14	4	448
20366	Os2015EVO-3-4	134	5	B	2	2015	7	21	10	34	SL1234	B	5	3	20160314	12	4	353
20367	Os2015EVO-3-4	138	5	F	4	2015	7	21	10	19	SL1219	C	19	2	20160314	16	4	432
20368	Os2015EVO-3-4	139	5	G	4	2015	7	21	10	9	SL1209	C	9	2	20160315	1	4	999
20369	Os2015EVO-3-4	146	6	F	4	2015	7	21	12	33	SL1233	B	4	2	20160315	7	4	275
20370	Os2015EVO-3-4	141	6	A	1	2015	7	21	12	7	SL1207	C	7	3	20160315	3	4	671
20371	Os2015EVO-3-4	145	6	E	4	2015	7	21	12	76	SL1333	A	18	2	20160315	6	4	427
20372	Os2015EVO-3-4	143	6	C	2	2015	7	21	12	42	Koshihikari	B	13	3	20160315	5	4	407
20373	Os2015EVO-3-4	144	6	D	3	2015	7	21	12	31	SL1231	B	2	2	20160516	21	4	489
20375	Os2015EVO-3-4	142	6	B	2	2015	7	21	12	18	SL1218	C	18	3	20160315	4	4	530
20376	Os2015EVO-3-4	140	5	H	1	2015	7	21	12	4	SL1204	C	4	3	20160315	2	4	526
20374	Os2015EVO-9-10-11	57	8	A	3	2015	7	21	12	44	SL1301	B	15	2	20160516	22	4	175
20377	Os2015EVO-3-4	147	6	G	1	2015	7	21	14	54	SL1311	B	25	3	20160315	8	4	436
20378	Os2015EVO-3-4	148	6	H	1	2015	7	21	14	8	SL1208	C	8	3	20160315	9	4	438
20379	Os2015EVO-3-4	149	7	A	2	2015	7	21	14	50	SL1307	B	21	3	20160315	10	4	294
20380	Os2015EVO-3-4	150	7	B	2	2015	7	21	14	57	SL1314	B	28	3	20160315	11	4	389
20381	Os2015EVO-3-4	151	7	C	3	2015	7	21	14	85	HP-a	A	27	2	20160315	12	4	508
20382	Os2015EVO-3-4	152	7	D	3	2015	7	21	14	33	SL1233	B	4	2	20160315	13	4	440
20383	Os2015EVO-3-4	153	7	E	4	2015	7	21	14	34	SL1234	B	5	2	20160315	14	4	453
20384	Os2015EVO-3-4	154	7	F	4	2015	7	21	14	51	SL1308	B	22	2	20160315	15	4	508
20385	Os2015EVO-3-4	155	7	G	1	2015	7	27	16	9	SL1209	C	9	3	20160315	16	4	287
20386	Os2015EVO-3-4	156	7	H	1	2015	7	27	16	83	Koshihikari	A	25	3	20160315	17	4	418
20387	Os2015EVO-3-4	157	8	A	2	2015	7	27	16	1	SL1201	C	1	3	20160315	18	4	493
20388	Os2015EVO-3-4	158	8	B	2	2015	7	27	16	68	SL1325	A	10	3	20160315	19	4	403
20389	Os2015EVO-3-4	159	8	C	3	2015	7	27	16	86	HP-b	A	28	2	20160315	20	4	425
20390	Os2015EVO-3-4	160	8	D	3	2015	7	27	16	19	SL1219	C	19	2	20160315	21	4	276
20391	Os2015EVO-3-4	161	8	E	4	2015	7	27	16	15	SL1215	C	15	2	20160315	22	4	694
20392	Os2015EVO-3-4	162	8	F	4	2015	7	27	16	66	Takanari	A	8	2	20160315	23	4	344
20393	Os2015EVO-3-4	163	8	G	1	2015	7	27	18	27	SL1227	C	27	3	20160315	24	4	394
20394	Os2015EVO-3-4	164	8	H	1	2015	7	27	18	70	SL1327	A	12	3	20160315	25	4	348
20395	Os2015EVO-3-4	165	9	A	2	2015	7	27	18	22	SL1222	C	22	3	20160315	26	4	315
20396	Os2015EVO-3-4	166	9	B	2	2015	7	27	18	65	SL1322	A	7	3	20160516	23	4	246
20398	Os2015EVO-3-4	167	9	C	3	2015	7	27	18	58	SL1315	B	29	2	20160315	28	4	417
20399	Os2015EVO-3-4	168	9	D	4	2015	7	27	18	83	Koshihikari	A	25	2	20160315	29	4	397
20400	Os2015EVO-3-4	169	9	E	4	2015	7	27	18	48	SL1305	B	19	2	20160315	30	4	405
20397	Os2015EVO-9-10-11	58	8	B	3	2015	7	27	18	66	SL1322	A	8	2	20160315	27	4	160
20401	Os2015EVO-3-4	170	9	F	1	2015	7	27	20	7	SL1207	C	7	4	20160315	31	4	523
20402	Os2015EVO-3-4	171	9	G	1	2015	7	27	20	68	SL1325	A	10	4	20160315	32	4	354
20403	Os2015EVO-3-4	172	9	H	2	2015	7	27	20	44	SL1301	B	15	3	20160315	33	4	410
20404	Os2015EVO-3-4	173	10	A	2	2015	7	27	20	37	SL1237	B	8	3	20160516	24	4	358
20405	Os2015EVO-3-4	174	10	B	3	2015	7	27	20	26	SL1226	C	26	2	20160315	34	4	463
20406	Os2015EVO-3-4	175	10	C	3	2015	7	27	20	82	SL1339	A	24	2	20160315	35	4	297
20407	Os2015EVO-3-4	176	10	D	4	2015	7	27	20	43	Takanari	B	14	2	20160315	36	4	417
20408	Os2015EVO-3-4	177	10	E	4	2015	7	27	20	14	Unpredictable	C	14	2	20160315	37	4	632
20409	Os2015EVO-3-4	178	10	F	1	2015	7	27	22	83	Koshihikari	A	25	4	20160315	38	4	431
20410	Os2015EVO-3-4	179	10	G	1	2015	7	27	22	57	SL1314	B	28	4	20160315	39	4	313
20412	Os2015EVO-3-4	180	10	H	2	2015	7	27	22	31	SL1231	B	2	3	20160315	40	4	397
20413	Os2015EVO-3-4	181	11	A	3	2015	7	27	22	62	SL1319	A	4	2	20160315	41	4	506
20414	Os2015EVO-3-4	182	11	B	3	2015	7	27	22	17	SL1217	C	17	2	20160315	42	4	565
20415	Os2015EVO-3-4	183	11	C	4	2015	7	27	22	26	SL1226	C	26	2	20160315	43	4	440
20416	Os2015EVO-3-4	184	11	D	4	2015	7	27	22	71	SL1328	A	13	2	20160315	44	4	447
20417	Os2015EVO-3-4	185	11	E	1	2015	7	28	0	74	SL1331	A	16	4	20160315	45	4	491
20418	Os2015EVO-3-4	186	11	F	1	2015	7	28	0	35	SL1235	B	6	4	20160315	46	4	603
20419	Os2015EVO-3-4	187	11	G	2	2015	7	28	0	48	SL1305	B	19	3	20160315	47	4	743
20420	Os2015EVO-3-4	188	11	H	2	2015	7	28	0	82	SL1339	A	24	3	20160315	48	5	433
20421	Os2015EVO-3-4	189	12	A	3	2015	7	28	0	25	SL1225	C	25	2	20160318	1	5	548
20422	Os2015EVO-3-4	190	12	B	3	2015	7	28	0	73	SL1330	A	15	2	20160318	2	5	242
20423	Os2015EVO-3-4	191	12	C	4	2015	7	28	0	40	SL1240	B	11	2	20160318	3	5	407
20424	Os2015EVO-3-4	192	12	D	4	2015	7	28	0	42	Koshihikari	B	13	2	20160318	4	5	211
20425	Os2015EVO-3-4	193	12	E	1	2015	7	28	2	21	SL1221	C	21	4	20160318	5	5	449
20426	Os2015EVO-3-4	194	12	F	1	2015	7	28	2	24	SL1224	C	24	4	20160318	6	5	634
20427	Os2015EVO-3-4	195	12	G	2	2015	7	28	2	67	SL1324	A	9	3	20160318	7	5	747
20428	Os2015EVO-3-4	196	12	H	2	2015	7	28	2	15	SL1215	C	15	3	20160318	8	5	271
20429	Os2015EVO-5-6	1	1	A	3	2015	7	28	2	83	Koshihikari	A	25	2	20160318	9	5	302
20430	Os2015EVO-5-6	2	1	B	3	2015	7	28	2	46	SL1303	B	17	2	20160318	10	5	286
20431	Os2015EVO-5-6	3	1	C	4	2015	7	28	2	31	SL1231	B	2	2	20160318	11	5	303
20432	Os2015EVO-5-6	4	1	D	4	2015	7	28	2	2	SL1202	C	2	2	20160318	12	5	403
20434	Os2015EVO-5-6	5	1	E	1	2015	7	28	4	18	SL1218	C	18	4	20160318	14	5	226
20435	Os2015EVO-5-6	6	1	F	2	2015	7	28	4	38	SL1238	B	9	3	20160318	15	5	391
20436	Os2015EVO-5-6	7	1	G	2	2015	7	28	4	60	SL1317	A	2	3	20160318	16	5	282
20437	Os2015EVO-5-6	8	1	H	3	2015	7	28	4	68	SL1325	A	10	2	20160318	17	5	326
20438	Os2015EVO-5-6	9	2	A	3	2015	7	28	4	39	SL1239	B	10	2	20160318	18	5	651
20440	Os2015EVO-5-6	10	2	B	4	2015	7	28	4	58	SL1315	B	29	2	20160318	20	5	1038
20433	Os2015EVO-9-10-11	59	8	C	1	2015	7	28	4	65	Unpredictable	A	7	4	20160318	13	5	107
20439	Os2015EVO-9-10-11	60	8	D	4	2015	7	28	4	3	SL1203	C	3	2	20160318	19	5	190
20441	Os2015EVO-5-6	11	2	C	1	2015	7	28	6	81	SL1338	A	23	4	20160318	21	5	613
20442	Os2015EVO-5-6	12	2	D	1	2015	7	28	6	34	SL1234	B	5	4	20160318	22	5	633
20443	Os2015EVO-5-6	13	2	E	2	2015	7	28	6	36	SL1236	B	7	3	20160318	23	5	596
20444	Os2015EVO-5-6	14	2	F	2	2015	7	28	6	25	SL1225	C	25	3	20160318	24	5	406
20445	Os2015EVO-5-6	15	2	G	3	2015	7	28	6	64	SL1321	A	6	3	20160318	25	5	280
20446	Os2015EVO-5-6	16	2	H	3	2015	7	28	6	23	SL1222	C	23	3	20160318	26	5	493
20447	Os2015EVO-5-6	17	3	A	4	2015	7	28	6	10	SL1210	C	10	2	20160318	27	5	573
20448	Os2015EVO-5-6	18	3	B	4	2015	7	28	6	82	SL1339	A	24	2	20160318	28	5	510
20449	Os2015EVO-5-6	19	3	C	1	2015	7	28	8	23	SL1223	C	23	4	20160318	29	5	515
20450	Os2015EVO-5-6	20	3	D	1	2015	7	28	8	58	SL1315	B	29	4	20160318	30	5	865
20451	Os2015EVO-5-6	21	3	E	2	2015	7	28	8	7	Unpredictable	C	7	3	20160318	31	5	1032
20452	Os2015EVO-5-6	22	3	F	2	2015	7	28	8	10	SL1210	C	10	3	20160318	32	5	429
20453	Os2015EVO-5-6	23	3	G	3	2015	7	28	8	21	Koshihikari	C	21	3	20160318	33	5	1083
20454	Os2015EVO-5-6	24	3	H	3	2015	7	28	8	63	Unpredictable	A	5	3	20160318	34	5	601
20455	Os2015EVO-5-6	25	4	A	4	2015	7	28	8	56	SL1313	B	27	2	20160318	35	5	278
20456	Os2015EVO-5-6	26	4	B	4	2015	7	28	8	21	Koshihikari	C	21	2	20160318	36	5	903
20457	Os2015EVO-5-6	27	4	C	1	2015	7	28	10	46	SL1303	B	17	4	20160318	37	5	751
20458	Os2015EVO-5-6	28	4	D	1	2015	7	28	10	53	SL1310	B	24	4	20160318	38	5	360
20459	Os2015EVO-5-6	29	4	E	2	2015	7	28	10	66	SL1322	A	8	3	20160318	39	5	528
20460	Os2015EVO-5-6	30	4	F	2	2015	7	28	10	81	SL1338	A	23	3	20160318	40	5	1101
20461	Os2015EVO-5-6	31	4	G	3	2015	7	28	10	43	Takanari	B	14	3	20160318	41	5	519
20462	Os2015EVO-5-6	32	4	H	3	2015	7	28	10	37	SL1237	B	8	3	20160318	42	5	514
20463	Os2015EVO-5-6	33	5	A	4	2015	7	28	10	78	SL1335	A	20	2	20160318	43	5	903
20464	Os2015EVO-5-6	34	5	B	4	2015	7	28	10	81	SL1338	A	23	2	20160318	44	5	661
20465	Os2015EVO-5-6	35	5	C	1	2015	7	28	12	70	SL1327	A	12	4	20160318	45	5	684
20466	Os2015EVO-5-6	36	5	D	1	2015	7	28	12	19	SL1219	C	19	4	20160318	46	5	432
20467	Os2015EVO-5-6	37	5	E	2	2015	7	28	12	54	SL1311	B	25	3	20160318	47	5	547
20468	Os2015EVO-5-6	38	5	F	2	2015	7	28	12	78	SL1334	A	20	3	20160318	48	5	733
20469	Os2015EVO-5-6	39	5	G	3	2015	7	28	12	46	SL1303	B	17	3	20160318	49	5	771
20470	Os2015EVO-5-6	40	5	H	3	2015	7	28	12	73	SL1330	A	15	3	20160318	50	5	484
20471	Os2015EVO-5-6	41	6	A	4	2015	7	28	12	1	SL1201	C	1	2	20160318	51	5	552
20472	Os2015EVO-5-6	42	6	B	4	2015	7	28	12	52	SL1310	B	23	2	20160318	52	5	537
20473	Os2015EVO-5-6	43	6	C	1	2015	7	28	14	13	SL1210	C	13	4	20160318	53	5	510
20474	Os2015EVO-5-6	44	6	D	1	2015	7	28	14	9	SL1209	C	9	4	20160318	54	5	536
20475	Os2015EVO-5-6	45	6	E	2	2015	7	28	14	51	SL1308	B	22	3	20160318	55	5	531
20476	Os2015EVO-5-6	46	6	F	2	2015	7	28	14	21	Unpredictable	C	21	3	20160318	56	5	284
20477	Os2015EVO-5-6	47	6	G	3	2015	7	28	14	7	SL1207	C	7	3	20160318	57	5	718
20478	Os2015EVO-5-6	48	6	H	3	2015	7	28	14	2	SL1202	C	2	3	20160318	58	5	425
20479	Os2015EVO-5-6	49	7	A	4	2015	7	28	14	69	SL1326	A	11	2	20160318	59	5	524
20480	Os2015EVO-5-6	50	7	B	4	2015	7	28	14	27	SL1227	C	27	2	20160318	60	5	296
20481	Os2015EVO-5-6	51	7	C	1	2015	8	3	16	20	SL1220	C	20	4	20160318	61	5	356
20482	Os2015EVO-5-6	52	7	D	1	2015	8	3	16	29	SL1229	C	29	4	20160516	25	5	235
20483	Os2015EVO-5-6	53	7	E	2	2015	8	3	16	35	SL1235	B	6	3	20160318	62	5	652
20484	Os2015EVO-5-6	54	7	F	2	2015	8	3	16	27	SL1227	C	27	3	20160318	63	5	536
20486	Os2015EVO-5-6	55	7	G	3	2015	8	3	16	82	SL1339	A	24	3	20160323	1	5	311
20487	Os2015EVO-5-6	56	7	H	4	2015	8	3	16	46	SL1303	B	17	2	20160323	2	5	420
20488	Os2015EVO-5-6	57	8	A	4	2015	8	3	16	25	SL1225	C	25	2	20160323	3	5	273
20485	Os2015EVO-9-10-11	61	8	E	3	2015	8	3	16	85	Unpredictable	A	27	3	20160318	64	5	126
20489	Os2015EVO-5-6	58	8	B	1	2015	8	3	18	11	SL1211	C	11	4	20160323	4	5	410
20490	Os2015EVO-5-6	62	8	F	3	2015	8	3	18	61	SL1318	A	3	3	20160323	9	5	361
20491	Os2015EVO-5-6	60	8	D	2	2015	8	3	18	56	SL1313	B	27	3	20160323	6	5	384
20493	Os2015EVO-5-6	61	8	E	3	2015	8	3	18	48	SL1305	B	19	3	20160323	8	5	352
20494	Os2015EVO-5-6	59	8	C	1	2015	8	3	18	32	SL1232	B	3	4	20160323	5	5	588
20495	Os2015EVO-5-6	63	8	G	4	2015	8	3	18	30	SL1230	B	1	2	20160323	10	5	406
20496	Os2015EVO-5-6	64	8	H	4	2015	8	3	18	32	SL1232	B	3	2	20160323	11	5	567
20492	Os2015EVO-9-10-11	62	8	F	2	2015	8	3	18	83	Koshihikari	A	25	3	20160323	7	5	186
20497	Os2015EVO-5-6	65	9	A	1	2015	8	3	20	82	SL1339	A	24	4	20160323	12	5	521
20498	Os2015EVO-5-6	66	9	B	1	2015	8	3	20	62	SL1319	A	4	4	20160323	13	5	843
20500	Os2015EVO-5-6	67	9	C	2	2015	8	3	20	11	SL1211	C	11	3	20160323	15	5	563
20501	Os2015EVO-5-6	68	9	D	3	2015	8	3	20	14	SL1214	C	14	3	20160323	16	5	531
20502	Os2015EVO-5-6	69	9	E	3	2015	8	3	20	10	SL1210	C	10	3	20160323	17	5	646
20503	Os2015EVO-5-6	70	9	F	4	2015	8	3	20	74	SL1331	A	16	2	20160323	18	5	551
20504	Os2015EVO-5-6	71	9	G	4	2015	8	3	20	23	SL1223	C	23	2	20160323	19	5	409
20499	Os2015EVO-9-10-11	63	8	G	2	2015	8	3	20	49	Unpredictable	B	20	3	20160323	14	5	101
20505	Os2015EVO-5-6	72	9	H	1	2015	8	3	22	52	SL1309	B	23	4	20160323	20	5	596
20508	Os2015EVO-5-6	75	10	C	2	2015	8	3	22	70	SL1327	A	12	3	20160323	23	5	732
20510	Os2015EVO-5-6	77	10	E	3	2015	8	3	22	69	Unpredictable	A	11	3	20160323	25	5	434
20512	Os2015EVO-5-6	79	10	G	4	2015	8	3	22	22	SL1223	C	22	2	20160323	27	5	562
20514	Os2015EVO-5-6	81	11	A	1	2015	8	4	0	69	SL1326	A	11	4	20160323	29	5	432
20515	Os2015EVO-5-6	82	11	B	2	2015	8	4	0	8	SL1208	C	8	3	20160323	30	5	439
20516	Os2015EVO-5-6	83	11	C	2	2015	8	4	0	55	SL1312	B	26	3	20160323	31	5	536
20517	Os2015EVO-5-6	84	11	D	3	2015	8	4	0	34	SL1234	B	5	3	20160323	32	5	582
20518	Os2015EVO-5-6	85	11	E	3	2015	8	4	0	58	SL1315	B	29	3	20160323	33	5	489
20519	Os2015EVO-5-6	86	11	F	4	2015	8	4	0	70	SL1327	A	12	2	20160323	34	5	444
20520	Os2015EVO-5-6	87	11	G	4	2015	8	4	0	8	SL1208	C	8	2	20160323	35	5	568
20521	Os2015EVO-5-6	88	11	H	1	2015	8	4	2	12	SL1212	C	12	4	20160323	36	6	519
20522	Os2015EVO-5-6	95	12	G	4	2015	8	4	2	63	Unpredictable	A	5	2	20160323	43	6	506
20528	Os2015EVO-5-6	89	12	A	1	2015	8	4	2	59	SL1316	A	1	4	20160323	37	6	414
20529	Os2015EVO-5-6	90	12	B	2	2015	8	4	2	58	SL1225	B	29	3	20160323	38	6	403
20531	Os2015EVO-5-6	91	12	C	2	2015	8	4	2	47	SL1304	B	18	3	20160323	39	6	692
20532	Os2015EVO-5-6	92	12	D	3	2015	8	4	2	54	SL1311	B	25	3	20160323	40	6	536
20533	Os2015EVO-5-6	93	12	E	3	2015	8	4	2	32	SL1232	B	3	3	20160323	41	6	511
20534	Os2015EVO-5-6	94	12	F	4	2015	8	4	2	39	SL1239	B	10	2	20160323	42	6	911
20523	Os2015EVO-5-6	96	12	H	1	2015	8	4	4	73	SL1330	A	15	4	20160323	44	6	584
20524	Os2015EVO-5-6	101	1	A	2	2015	8	4	4	75	SL1332	A	17	3	20160323	45	6	260
20525	Os2015EVO-5-6	102	1	B	2	2015	8	4	4	39	SL1239	B	10	3	20160323	46	6	353
20526	Os2015EVO-5-6	103	1	C	3	2015	8	4	4	28	SL1228	C	28	3	20160323	47	6	687
20527	Os2015EVO-5-6	104	1	D	3	2015	8	4	4	25	SL1315	C	25	3	20160323	48	6	554
20535	Os2015EVO-5-6	105	1	E	4	2015	8	4	4	73	SL1330	A	15	2	20160324	1	6	728
20536	Os2015EVO-5-6	106	1	F	4	2015	8	4	4	38	SL1238	B	9	2	20160324	2	6	726
20537	Os2015EVO-5-6	107	1	G	1	2015	8	4	6	39	SL1239	B	10	4	20160324	3	6	819
20538	Os2015EVO-5-6	108	1	H	1	2015	8	4	6	56	Unpredictable	B	27	4	20160324	4	6	370
20539	Os2015EVO-5-6	109	2	A	2	2015	8	4	6	84	Takanari	A	26	3	20160324	5	6	850
20540	Os2015EVO-5-6	110	2	B	2	2015	8	4	6	64	SL1321	A	6	3	20160324	6	6	835
20541	Os2015EVO-5-6	111	2	C	3	2015	8	4	6	42	Koshihikari	B	13	3	20160324	7	6	847
20542	Os2015EVO-5-6	112	2	D	3	2015	8	4	6	1	SL1201	C	1	3	20160324	8	6	831
20543	Os2015EVO-5-6	113	2	E	4	2015	8	4	6	68	SL1325	A	10	2	20160324	9	6	678
20544	Os2015EVO-5-6	114	2	F	4	2015	8	4	6	11	SL1211	C	11	2	20160324	10	6	842
20545	Os2015EVO-5-6	115	2	G	1	2015	8	4	8	44	SL1301	B	15	4	20160516	26	5	258
20546	Os2015EVO-5-6	116	2	H	1	2015	8	4	8	61	SL1318	A	3	4	20160324	11	6	568
20547	Os2015EVO-5-6	117	3	A	2	2015	8	4	8	30	SL1230	B	1	3	20160324	12	6	526
20548	Os2015EVO-5-6	118	3	B	2	2015	8	4	8	45	SL1302	B	16	3	20160324	13	6	900
20549	Os2015EVO-5-6	119	3	C	3	2015	8	4	8	79	SL1336	A	21	3	20160324	14	6	477
20550	Os2015EVO-5-6	120	3	D	3	2015	8	4	8	75	SL1332	A	17	3	20160324	15	6	693
20551	Os2015EVO-5-6	121	3	E	4	2015	8	4	8	85	Unpredictable	A	27	2	20160324	16	6	776
20552	Os2015EVO-5-6	122	3	F	4	2015	8	4	8	49	Unpredictable	B	20	2	20160324	17	6	1248
20553	Os2015EVO-5-6	123	3	G	1	2015	8	4	10	22	SL1222	C	22	4	20160324	18	6	549
20554	Os2015EVO-5-6	124	3	H	1	2015	8	4	10	2	SL1202	C	2	4	20160324	19	6	426
20555	Os2015EVO-5-6	125	4	A	2	2015	8	4	10	6	SL1206	C	6	3	20160324	20	6	600
20556	Os2015EVO-5-6	126	4	B	2	2015	8	4	10	53	SL1310	B	24	3	20160324	21	6	657
20557	Os2015EVO-5-6	129	4	E	4	2015	8	4	10	77	SL1334	A	19	2	20160324	24	6	790
20558	Os2015EVO-5-6	128	4	D	3	2015	8	4	10	84	Takanari	A	26	3	20160324	23	6	647
20559	Os2015EVO-5-6	127	4	C	3	2015	8	4	10	19	SL1219	C	19	3	20160324	22	6	280
20560	Os2015EVO-5-6	130	4	F	4	2015	8	4	10	37	Unpredictable	B	8	2	20160324	25	6	263
20561	Os2015EVO-5-6	131	4	G	1	2015	8	4	12	71	SL1328	A	13	4	20160324	26	6	749
20562	Os2015EVO-5-6	132	4	H	1	2015	8	4	12	15	SL1215	C	15	4	20160324	27	6	414
20563	Os2015EVO-5-6	133	5	A	2	2015	8	4	12	63	Unpredictable	A	5	3	20160324	28	6	248
20564	Os2015EVO-5-6	134	5	B	2	2015	8	4	12	43	Takanari	B	14	3	20160324	29	6	874
20565	Os2015EVO-5-6	135	5	C	3	2015	8	4	12	35	SL1235	B	6	3	20160324	30	6	693
20566	Os2015EVO-5-6	136	5	D	3	2015	8	4	12	13	SL1210	C	13	3	20160324	31	6	798
20567	Os2015EVO-5-6	137	5	E	4	2015	8	4	12	13	Unpredictable	C	13	2	20160324	32	6	912
20568	Os2015EVO-5-6	138	5	F	4	2015	8	4	12	41	SL1241	B	12	2	20160324	33	6	544
20569	Os2015EVO-5-6	139	5	G	1	2015	8	4	14	5	SL1205	C	5	4	20160324	34	6	501
20570	Os2015EVO-5-6	140	5	H	1	2015	8	4	14	26	SL1226	C	26	4	20160324	35	6	532
20571	Os2015EVO-5-6	141	6	A	2	2015	8	4	14	4	SL1204	C	4	3	20160324	36	6	579
20572	Os2015EVO-5-6	142	6	B	2	2015	8	4	14	16	SL1216	C	16	3	20160324	37	6	930
20573	Os2015EVO-5-6	143	6	C	3	2015	8	4	14	30	SL1230	B	1	3	20160324	38	6	373
20574	Os2015EVO-5-6	144	6	D	3	2015	8	4	14	6	SL1206	C	6	3	20160324	39	6	688
20575	Os2015EVO-5-6	145	6	E	4	2015	8	4	14	57	SL1314	B	28	2	20160324	40	6	765
20576	Os2015EVO-9-10-11	64	8	H	1	2015	8	19	16	16	SL1216	C	16	4	20160324	43	6	135
20577	Os2015EVO-5-6	148	6	H	2	2015	8	19	16	69	SL1326	A	11	3	20160324	44	6	327
20579	Os2015EVO-5-6	147	6	G	1	2015	8	19	16	60	SL1329	A	2	4	20160324	42	6	293
20580	Os2015EVO-5-6	151	7	C	4	2015	8	19	16	75	SL1332	A	17	2	20160324	47	6	1007
20582	Os2015EVO-9-10-11	66	9	B	4	2015	8	19	16	62	SL1319	A	4	2	20160324	48	6	143
20583	Os2015EVO-5-6	149	7	A	2	2015	8	19	16	32	SL1307	B	3	3	20160324	45	6	345
20581	Os2015EVO-9-10-11	65	9	A	3	2015	8	19	16	55	SL1312	B	26	3	20160516	27	6	132
20584	Os2015EVO-5-6	150	7	B	3	2015	8	19	16	72	SL1317	A	14	3	20160324	46	6	292
20585	Os2015EVO-5-6	152	7	D	1	2015	8	19	18	30	SL1230	B	1	4	20160328	1	6	268
20587	Os2015EVO-5-6	153	7	E	2	2015	8	19	18	79	SL1336	A	21	3	20160328	3	6	684
20588	Os2015EVO-5-6	154	7	F	2	2015	8	19	18	12	SL1212	C	12	3	20160328	4	6	418
20589	Os2015EVO-5-6	155	7	G	3	2015	8	19	18	62	SL1319	A	4	3	20160328	5	6	540
20590	Os2015EVO-5-6	156	7	H	3	2015	8	19	18	70	SL1327	A	12	3	20160328	6	6	314
20591	Os2015EVO-5-6	157	8	A	4	2015	8	19	18	44	SL1301	B	15	2	20160328	7	6	548
20592	Os2015EVO-5-6	158	8	B	4	2015	8	19	18	54	SL1311	B	25	2	20160328	8	6	535
20586	Os2015EVO-9-10-11	67	9	C	1	2015	8	19	18	49	SL1308	B	20	4	20160328	2	6	124
20593	Os2015EVO-5-6	159	8	C	1	2015	8	19	20	3	SL1203	C	3	4	20160328	9	6	219
20594	Os2015EVO-5-6	160	8	D	1	2015	8	19	20	6	SL1206	C	6	4	20160328	10	6	274
20595	Os2015EVO-5-6	161	8	E	2	2015	8	19	20	17	SL1217	C	17	4	20160328	11	6	204
20597	Os2015EVO-5-6	162	8	F	3	2015	8	19	20	18	SL1218	C	18	3	20160328	13	6	250
20600	Os2015EVO-5-6	163	8	G	4	2015	8	19	20	35	SL1235	B	6	2	20160328	16	6	328
20596	Os2015EVO-9-10-11	68	9	D	2	2015	8	19	20	60	SL1317	A	2	4	20160328	12	6	192
20598	Os2015EVO-9-10-11	69	9	E	3	2015	8	19	20	38	SL1238	B	9	3	20160328	14	6	168
20599	Os2015EVO-9-10-11	70	9	F	4	2015	8	19	20	45	SL1302	B	16	2	20160328	15	6	137
20601	Os2015EVO-5-6	164	8	H	1	2015	8	19	22	28	SL1228	C	28	4	20160328	17	6	217
20602	Os2015EVO-5-6	165	9	A	1	2015	8	19	22	55	SL1312	B	26	4	20160328	18	6	337
20604	Os2015EVO-5-6	166	9	B	2	2015	8	19	22	26	SL1226	C	26	4	20160328	20	6	399
20605	Os2015EVO-5-6	167	9	C	3	2015	8	19	22	47	SL1304	B	18	3	20160328	21	6	343
20606	Os2015EVO-5-6	168	9	D	3	2015	8	19	22	56	SL1313	B	27	3	20160516	28	6	419
20607	Os2015EVO-5-6	169	9	E	4	2015	8	19	22	29	SL1229	C	29	2	20160328	22	6	584
20608	Os2015EVO-5-6	170	9	F	4	2015	8	19	22	84	Takanari	A	26	2	20160328	23	6	486
20603	Os2015EVO-9-10-11	71	9	G	2	2015	8	19	22	47	SL1304	B	18	4	20160328	19	6	187
20609	Os2015EVO-5-6	171	9	G	1	2015	8	20	0	25	SL1225	C	25	4	20160328	24	6	444
20610	Os2015EVO-5-6	172	9	H	1	2015	8	20	0	38	SL1238	B	9	4	20160328	25	6	405
20613	Os2015EVO-5-6	173	10	A	3	2015	8	20	0	59	SL1316	A	1	3	20160328	28	6	249
20614	Os2015EVO-5-6	174	10	B	3	2015	8	20	0	15	SL1215	C	15	3	20160328	29	6	376
20615	Os2015EVO-5-6	175	10	C	4	2015	8	20	0	4	SL1204	C	4	2	20160328	30	6	304
20616	Os2015EVO-5-6	176	10	D	4	2015	8	20	0	55	SL1312	B	26	2	20160328	31	6	325
20611	Os2015EVO-9-10-11	72	9	H	2	2015	8	20	0	61	SL1318	A	3	4	20160328	26	6	176
20612	Os2015EVO-9-10-11	73	10	A	2	2015	8	20	0	78	SL1335	A	20	4	20160328	27	6	186
20617	Os2015EVO-5-6	182	11	B	4	2015	8	20	2	60	SL1317	A	2	2	20160329	7	6	330
20618	Os2015EVO-5-6	183	11	C	4	2015	8	20	2	28	SL1228	C	28	2	20160329	8	6	303
20623	Os2015EVO-5-6	177	10	E	1	2015	8	20	2	85	Unpredictable	A	27	4	20160329	1	6	212
20624	Os2015EVO-5-6	178	10	F	1	2015	8	20	2	77	SL1334	A	19	4	20160329	2	6	500
20625	Os2015EVO-5-6	179	10	G	2	2015	8	20	2	27	SL1227	C	27	4	20160329	3	6	317
20626	Os2015EVO-5-6	180	10	H	2	2015	8	20	2	1	SL1201	C	1	4	20160329	4	6	466
20627	Os2015EVO-9-10-11	74	10	B	3	2015	8	20	2	44	SL1301	B	15	3	20160329	5	6	137
20628	Os2015EVO-5-6	181	11	A	3	2015	8	20	2	31	SL1231	B	2	3	20160329	6	6	348
20619	Os2015EVO-5-6	184	11	D	1	2015	8	20	4	17	SL1217	C	17	4	20160329	9	7	282
20620	Os2015EVO-5-6	185	11	E	1	2015	8	20	4	41	SL1241	B	12	4	20160329	10	7	230
20622	Os2015EVO-5-6	187	11	G	2	2015	8	20	4	29	SL1229	C	29	4	20160329	12	7	324
20629	Os2015EVO-5-6	188	11	H	3	2015	8	20	4	20	SL1220	C	20	3	20160329	13	7	317
20630	Os2015EVO-5-6	189	12	A	3	2015	8	20	4	22	SL1222	C	22	3	20160329	14	7	339
20631	Os2015EVO-5-6	190	12	B	4	2015	8	20	4	16	SL1216	C	16	2	20160329	15	7	546
20632	Os2015EVO-5-6	191	12	C	4	2015	8	20	4	5	SL1205	C	5	2	20160329	16	7	458
20621	Os2015EVO-5-6	186	11	F	2	2015	8	20	4	65	SL1322	A	7	4	20160329	11	7	506
20633	Os2015EVO-5-6	192	12	D	1	2015	8	20	6	48	SL1305	B	19	4	20160331	1	7	262
20634	Os2015EVO-5-6	193	12	E	1	2015	8	20	6	14	SL1214	C	14	4	20160331	2	7	395
20635	Os2015EVO-5-6	194	12	F	2	2015	8	20	6	24	SL1224	C	24	4	20160331	3	7	357
20636	Os2015EVO-5-6	195	12	G	2	2015	8	20	6	28	SL1228	C	28	4	20160331	4	7	432
20637	Os2015EVO-5-6	196	12	H	3	2015	8	20	6	78	SL1335	A	20	3	20160331	5	7	739
20638	Os2015EVO-7-8	1	1	A	3	2015	8	20	6	74	SL1331	A	16	3	20160331	6	7	509
20639	Os2015EVO-7-8	2	1	B	4	2015	8	20	6	67	SL1324	A	9	3	20160331	7	7	420
20640	Os2015EVO-7-8	3	1	C	4	2015	8	20	6	21	Unpredictable	C	21	3	20160331	8	7	679
20641	Os2015EVO-7-8	4	1	D	1	2015	8	20	8	66	SL1322	A	8	4	20160331	9	7	342
20642	Os2015EVO-7-8	5	1	E	1	2015	8	20	8	78	SL1335	A	20	4	20160331	10	7	758
20643	Os2015EVO-7-8	6	1	F	2	2015	8	20	8	57	SL1314	B	28	4	20160331	11	7	328
20644	Os2015EVO-7-8	7	1	G	2	2015	8	20	8	5	SL1205	C	5	4	20160331	12	7	463
20645	Os2015EVO-7-8	8	1	H	3	2015	8	20	8	66	SL1323	A	8	3	20160331	13	7	521
20646	Os2015EVO-7-8	9	2	A	3	2015	8	20	8	8	SL1208	C	8	3	20160331	14	7	366
20647	Os2015EVO-7-8	10	2	B	4	2015	8	20	8	74	SL1331	A	16	3	20160331	15	7	350
20648	Os2015EVO-7-8	11	2	C	4	2015	8	20	8	57	SL1314	B	28	3	20160331	16	7	414
20649	Os2015EVO-7-8	12	2	D	1	2015	8	20	10	72	SL1329	A	14	4	20160331	17	7	359
20650	Os2015EVO-7-8	13	2	E	1	2015	8	20	10	64	SL1321	A	6	4	20160331	18	7	380
20651	Os2015EVO-7-8	14	2	F	2	2015	8	20	10	36	SL1236	B	7	4	20160331	19	7	590
20652	Os2015EVO-7-8	15	2	G	2	2015	8	20	10	76	SL1333	A	18	4	20160331	20	7	345
20654	Os2015EVO-7-8	16	2	H	3	2015	8	20	10	40	SL1240	B	11	3	20160331	22	7	300
20655	Os2015EVO-7-8	17	3	A	4	2015	8	20	10	60	SL1317	A	2	3	20160331	23	7	558
20656	Os2015EVO-7-8	18	3	B	4	2015	8	20	10	51	SL1308	B	22	3	20160331	24	7	794
20653	Os2015EVO-9-10-11	75	10	C	3	2015	8	20	10	51	SL1308	B	22	3	20160331	21	7	186
20657	Os2015EVO-7-8	19	3	C	1	2015	8	20	12	27	SL1227	C	27	4	20160331	25	7	334
20658	Os2015EVO-7-8	20	3	D	1	2015	8	20	12	42	Koshihikari	B	13	4	20160331	26	7	392
20659	Os2015EVO-7-8	21	3	E	2	2015	8	20	12	31	SL1231	B	2	4	20160331	27	7	238
20660	Os2015EVO-7-8	22	3	F	2	2015	8	20	12	20	SL1220	C	20	4	20160331	28	7	292
20661	Os2015EVO-7-8	23	3	G	3	2015	8	20	12	12	SL1212	C	12	3	20160331	29	7	202
20662	Os2015EVO-7-8	24	3	H	3	2015	8	20	12	45	SL1302	B	16	3	20160331	30	7	671
20663	Os2015EVO-7-8	25	4	A	4	2015	8	20	12	78	SL1335	A	20	3	20160331	31	7	550
20664	Os2015EVO-7-8	26	4	B	4	2015	8	20	12	32	SL1337	B	3	3	20160331	32	7	402
20665	Os2015EVO-7-8	27	4	C	1	2015	8	20	14	80	SL1337	A	22	4	20160331	33	7	323
20666	Os2015EVO-7-8	28	4	D	1	2015	8	20	14	31	SL1231	B	2	4	20160331	34	7	547
20667	Os2015EVO-7-8	29	4	E	2	2015	8	20	14	15	SL1215	C	15	4	20160331	35	7	242
20668	Os2015EVO-7-8	30	4	F	2	2015	8	20	14	81	SL1338	A	23	4	20160331	36	7	349
20669	Os2015EVO-7-8	31	4	G	3	2015	8	20	14	77	SL1333	A	19	3	20160331	37	7	511
20670	Os2015EVO-7-8	32	4	H	3	2015	8	20	14	29	Koshihikari	C	29	3	20160331	38	7	406
20671	Os2015EVO-7-8	33	5	A	4	2015	8	20	14	48	SL1305	B	19	3	20160331	39	7	522
20672	Os2015EVO-7-8	34	5	B	4	2015	8	20	14	7	SL1207	C	7	3	20160331	40	7	596
20675	Os2015EVO-7-8	35	5	C	2	2015	8	24	16	25	SL1225	C	25	4	20160331	41	7	425
20676	Os2015EVO-7-8	36	5	D	2	2015	8	24	16	44	SL1301	B	15	4	20160331	42	7	421
20677	Os2015EVO-7-8	37	5	E	3	2015	8	24	16	5	SL1205	C	5	3	20160331	43	7	219
20678	Os2015EVO-7-8	38	5	F	3	2015	8	24	16	33	SL1233	B	4	3	20160331	44	7	295
20679	Os2015EVO-7-8	39	5	G	4	2015	8	24	16	5	SL1205	C	5	3	20160331	45	7	434
20680	Os2015EVO-7-8	40	5	H	4	2015	8	24	16	29	SL1229	C	29	3	20160331	46	7	587
20683	Os2015EVO-7-8	41	6	A	2	2015	8	24	18	52	SL1309	B	23	4	20160331	47	7	268
20692	Os2015EVO-7-8	42	6	B	3	2015	8	24	18	76	SL1333	A	18	3	20160331	49	7	417
20693	Os2015EVO-9-10-11	77	10	E	3	2015	8	24	18	17	SL1217	C	17	3	20160331	50	7	199
20694	Os2015EVO-7-8	43	6	C	4	2015	8	24	18	69	Unpredictable	A	11	3	20160331	51	7	233
20695	Os2015EVO-7-8	44	6	D	4	2015	8	24	18	45	SL1302	B	16	3	20160331	52	7	377
20684	Os2015EVO-9-10-11	76	10	D	2	2015	8	24	18	33	SL1229	B	4	4	20160331	48	7	200
20685	Os2015EVO-7-8	47	6	G	2	2015	8	24	20	66	SL1322	A	8	4	20160331	55	7	223
20687	Os2015EVO-7-8	49	7	A	3	2015	8	24	20	52	Takanari	B	23	3	20160331	57	7	339
20688	Os2015EVO-7-8	50	7	B	4	2015	8	24	20	8	SL1208	C	8	3	20160331	58	7	414
20699	Os2015EVO-7-8	45	6	E	1	2015	8	24	20	47	SL1304	B	18	4	20160331	53	7	504
20700	Os2015EVO-7-8	46	6	F	2	2015	8	24	20	22	SL1222	C	22	4	20160331	54	7	222
20686	Os2015EVO-7-8	48	6	H	3	2015	8	24	20	16	SL1216	C	16	3	20160331	56	7	208
20690	Os2015EVO-7-8	51	7	C	2	2015	8	24	22	80	SL1337	A	22	4	20160331	59	7	298
20691	Os2015EVO-7-8	52	7	D	2	2015	8	24	22	30	SL1230	B	1	4	20160331	60	7	255
20702	Os2015EVO-7-8	53	7	E	3	2015	8	24	22	83	Koshihikari	A	25	3	20160331	62	7	424
20703	Os2015EVO-7-8	54	7	F	4	2015	8	24	22	41	SL1241	B	12	3	20160331	63	7	290
20704	Os2015EVO-7-8	55	7	G	4	2015	8	24	22	83	Koshihikari	A	25	3	20160331	64	7	247
20701	Os2015EVO-9-10-11	159	8	C	3	2015	8	24	22	86	HP-b	A	28	3	20160331	61	7	96
20707	Os2015EVO-7-8	56	7	H	2	2015	8	25	0	56	SL1313	B	27	4	20160502	1	7	376
20709	Os2015EVO-7-8	57	8	A	3	2015	8	25	0	41	SL1241	B	12	3	20160502	3	7	737
20710	Os2015EVO-7-8	58	8	B	3	2015	8	25	0	57	SL1314	B	28	3	20160502	4	7	696
20711	Os2015EVO-7-8	59	8	C	4	2015	8	25	0	4	SL1204	C	4	3	20160502	5	7	659
20712	Os2015EVO-7-8	60	8	D	4	2015	8	25	0	55	SL1312	B	26	3	20160502	6	7	377
20708	Os2015EVO-9-10-11	78	10	F	2	2015	8	25	0	84	Takanari	A	26	4	20160502	2	7	175
20715	Os2015EVO-7-8	61	8	E	2	2015	8	25	2	9	SL1209	C	9	4	20160502	7	7	363
20718	Os2015EVO-7-8	62	8	F	3	2015	8	25	2	39	SL1239	B	10	3	20160502	10	7	375
20719	Os2015EVO-7-8	63	8	G	4	2015	8	25	2	34	SL1234	B	5	3	20160502	11	7	502
20720	Os2015EVO-7-8	64	8	H	4	2015	8	25	2	36	SL1236	B	7	3	20160502	12	7	745
20716	Os2015EVO-9-10-11	79	10	G	2	2015	8	25	2	10	SL1210	C	10	4	20160502	8	7	100
20717	Os2015EVO-9-10-11	80	10	H	3	2015	8	25	2	26	SL1226	C	26	3	20160502	9	7	169
20723	Os2015EVO-7-8	65	9	A	2	2015	8	25	4	37	SL1237	B	8	4	20160502	13	7	201
20725	Os2015EVO-7-8	66	9	B	3	2015	8	25	4	9	SL1209	C	9	3	20160502	15	7	635
20726	Os2015EVO-7-8	67	9	C	3	2015	8	25	4	36	SL1236	B	7	3	20160502	16	7	635
20728	Os2015EVO-7-8	68	9	D	4	2015	8	25	4	68	SL1325	A	10	3	20160502	18	7	457
20727	Os2015EVO-9-10-11	81	11	A	4	2015	8	25	4	81	SL1338	A	23	3	20160502	17	7	189
20724	Os2015EVO-9-10-11	160	8	D	2	2015	8	25	4	67	SL1324	A	9	4	20160502	14	7	68
20731	Os2015EVO-7-8	69	9	E	2	2015	8	25	6	46	SL1303	B	17	4	20160502	19	7	404
20733	Os2015EVO-7-8	70	9	F	3	2015	8	25	6	60	SL1317	A	2	3	20160502	21	7	794
20734	Os2015EVO-7-8	71	9	G	3	2015	8	25	6	11	SL1211	C	11	3	20160502	22	7	218
20736	Os2015EVO-7-8	72	9	H	4	2015	8	25	6	17	SL1217	C	17	3	20160502	24	7	406
20732	Os2015EVO-9-10-11	82	11	B	2	2015	8	25	6	73	SL1330	A	15	4	20160502	20	7	180
20735	Os2015EVO-9-10-11	83	11	C	4	2015	8	25	6	70	SL1327	A	12	3	20160502	23	7	135
20739	Os2015EVO-7-8	73	10	A	2	2015	8	25	8	69	SL1326	A	11	4	20160502	25	7	582
20743	Os2015EVO-7-8	74	10	B	4	2015	8	25	8	85	HP-a	A	27	3	20160502	29	8	362
20744	Os2015EVO-7-8	75	10	C	4	2015	8	25	8	73	SL1330	A	15	3	20160502	30	8	762
20740	Os2015EVO-9-10-11	84	11	D	2	2015	8	25	8	74	SL1331	A	16	4	20160502	26	7	101
20742	Os2015EVO-9-10-11	85	11	E	3	2015	8	25	8	80	SL1337	A	22	3	20160502	28	7	193
20741	Os2015EVO-9-10-11	161	8	E	3	2015	8	25	8	24	SL1224	C	24	3	20160502	27	7	90
20749	Os2015EVO-7-8	77	10	E	3	2015	8	25	10	81	SL1338	A	23	3	20160502	32	8	730
20750	Os2015EVO-7-8	78	10	F	3	2015	8	25	10	67	SL1324	A	9	3	20160502	33	8	575
20751	Os2015EVO-7-8	79	10	G	4	2015	8	25	10	2	SL1202	C	2	3	20160502	34	8	516
20752	Os2015EVO-7-8	80	10	H	4	2015	8	25	10	31	SL1231	B	2	3	20160502	35	8	687
20755	Os2015EVO-7-8	81	11	A	2	2015	8	25	12	48	SL1305	B	19	4	20160502	36	8	286
20756	Os2015EVO-7-8	82	11	B	2	2015	8	25	12	49	SL1308	B	20	4	20160502	37	8	417
20757	Os2015EVO-7-8	83	11	C	3	2015	8	25	12	3	Unpredictable	C	3	3	20160502	38	8	600
20758	Os2015EVO-7-8	84	11	D	3	2015	8	25	12	53	SL1310	B	24	3	20160502	39	8	490
20759	Os2015EVO-7-8	85	11	E	4	2015	8	25	12	63	Unpredictable	A	5	3	20160502	40	8	258
20763	Os2015EVO-7-8	86	11	F	4	2015	8	25	12	3	SL1203	C	3	3	20160502	41	8	500
20760	Os2015EVO-7-8	87	11	G	2	2015	8	25	14	75	SL1332	A	17	4	20160502	42	8	337
20764	Os2015EVO-7-8	88	11	H	2	2015	8	25	14	63	Unpredictable	A	5	4	20160502	43	8	524
20765	Os2015EVO-7-8	89	12	A	3	2015	8	25	14	68	SL1325	A	10	3	20160502	44	8	291
20766	Os2015EVO-7-8	90	12	B	3	2015	8	25	14	49	SL1308	B	20	3	20160502	45	8	718
20767	Os2015EVO-7-8	91	12	C	4	2015	8	25	14	35	SL1235	B	6	3	20160502	46	8	727
20768	Os2015EVO-7-8	92	12	D	4	2015	8	25	14	27	SL1227	C	27	3	20160502	47	8	488
20771	Os2015EVO-7-8	93	12	E	2	2015	8	31	16	62	SL1319	A	4	4	20160502	48	8	553
20772	Os2015EVO-7-8	94	12	F	2	2015	8	31	16	83	Koshihikari	A	25	4	20160502	49	8	328
20774	Os2015EVO-7-8	95	12	G	3	2015	8	31	16	71	SL1328	A	13	3	20160502	51	8	281
20775	Os2015EVO-7-8	96	12	H	4	2015	8	31	16	66	SL1322	A	8	3	20160502	52	8	360
20776	Os2015EVO-7-8	101	1	A	4	2015	8	31	16	52	SL1309	B	23	3	20160502	53	8	435
20773	Os2015EVO-9-10-11	162	8	F	3	2015	8	31	16	4	SL1204	C	4	3	20160502	50	8	42
20778	Os2015EVO-7-8	102	1	B	1	2015	8	31	18	27	SL1227	C	27	5	20160502	54	8	408
20779	Os2015EVO-7-8	103	1	C	2	2015	8	31	18	50	SL1307	B	21	4	20160502	55	8	374
20780	Os2015EVO-7-8	104	1	D	2	2015	8	31	18	43	Takanari	B	14	4	20160502	56	8	290
20782	Os2015EVO-7-8	105	1	E	3	2015	8	31	18	65	SL1322	A	7	3	20160502	57	8	534
20783	Os2015EVO-7-8	106	1	F	4	2015	8	31	18	1	SL1201	C	1	3	20160502	58	8	389
20784	Os2015EVO-9-10-11	86	11	F	4	2015	8	31	18	25	SL1225	C	25	3	20160502	59	8	181
20786	Os2015EVO-7-8	107	1	G	1	2015	8	31	20	56	SL1313	B	27	5	20160502	60	8	226
20788	Os2015EVO-7-8	108	1	H	2	2015	8	31	20	72	SL1329	A	14	4	20160502	61	8	333
20789	Os2015EVO-7-8	109	2	A	3	2015	8	31	20	9	SL1209	C	9	4	20160502	62	8	455
20791	Os2015EVO-7-8	110	2	B	4	2015	8	31	20	62	SL1317	A	4	3	20160502	63	8	474
20792	Os2015EVO-7-8	111	2	C	4	2015	8	31	20	20	SL1220	C	20	3	20160502	64	8	326
20787	Os2015EVO-9-10-11	87	11	G	2	2015	8	31	20	82	SL1339	A	24	4	20160516	29	8	166
20795	Os2015EVO-7-8	112	2	D	2	2015	8	31	22	2	SL1202	C	2	4	20160506	1	8	470
20796	Os2015EVO-7-8	113	2	E	2	2015	8	31	22	21	SL1221	C	21	4	20160506	2	8	441
20798	Os2015EVO-7-8	114	2	F	3	2015	8	31	22	81	SL1338	A	23	4	20160506	4	8	272
20799	Os2015EVO-7-8	115	2	G	4	2015	8	31	22	72	SL1329	A	14	3	20160506	5	8	327
20800	Os2015EVO-7-8	116	2	H	4	2015	8	31	22	33	SL1233	B	4	3	20160506	6	8	383
20797	Os2015EVO-9-10-11	88	11	H	3	2015	8	31	22	61	SL1318	A	3	4	20160506	3	8	141
20803	Os2015EVO-7-8	117	3	A	2	2015	9	1	0	35	SL1235	B	6	4	20160506	7	8	414
20805	Os2015EVO-7-8	118	3	B	3	2015	9	1	0	6	SL1206	C	6	4	20160506	9	8	338
20806	Os2015EVO-7-8	119	3	C	3	2015	9	1	0	43	Takanari	B	14	4	20160506	10	8	487
20807	Os2015EVO-7-8	120	3	D	4	2015	9	1	0	65	SL1322	A	7	3	20160506	11	8	234
20808	Os2015EVO-7-8	121	3	E	4	2015	9	1	0	10	SL1210	C	10	3	20160506	12	8	263
20804	Os2015EVO-9-10-11	89	12	A	2	2015	9	1	0	11	SL1211	C	11	4	20160506	8	8	132
20811	Os2015EVO-7-8	122	3	F	2	2015	9	1	2	54	SL1311	B	25	4	20160506	13	8	222
20814	Os2015EVO-7-8	124	3	H	3	2015	9	1	2	67	SL1324	A	9	4	20160506	16	8	222
20815	Os2015EVO-7-8	125	4	A	4	2015	9	1	2	86	HP-b	A	28	3	20160506	17	8	580
20816	Os2015EVO-7-8	126	4	B	4	2015	9	1	2	76	SL1333	A	18	3	20160506	18	8	510
20813	Os2015EVO-9-10-11	90	12	B	3	2015	9	1	2	30	SL1230	B	1	4	20160506	15	8	166
20821	Os2015EVO-7-8	127	4	C	3	2015	9	1	4	22	SL1222	C	22	4	20160506	22	8	621
20822	Os2015EVO-7-8	128	4	D	3	2015	9	1	4	23	SL1223	C	23	4	20160506	23	8	296
20823	Os2015EVO-7-8	129	4	E	4	2015	9	1	4	75	SL1332	A	17	3	20160506	24	8	636
20824	Os2015EVO-7-8	130	4	F	4	2015	9	1	4	30	SL1230	B	1	3	20160506	25	8	384
20819	Os2015EVO-9-10-11	91	12	C	2	2015	9	1	4	39	SL1239	B	10	4	20160506	20	8	164
20820	Os2015EVO-9-10-11	92	12	D	2	2015	9	1	4	79	SL1336	A	21	4	20160506	21	8	131
20818	Os2015EVO-9-10-11	163	8	G	2	2015	9	1	14	65	SL1207	A	7	5	20160506	19	8	7
20827	Os2015EVO-7-8	131	4	G	2	2015	9	1	6	58	SL1315	B	29	4	20160506	26	8	346
20829	Os2015EVO-7-8	132	4	H	3	2015	9	1	6	2	SL1202	C	2	4	20160506	28	8	310
20830	Os2015EVO-7-8	133	5	A	3	2015	9	1	6	4	SL1204	C	4	4	20160506	29	8	586
20831	Os2015EVO-7-8	134	5	B	4	2015	9	1	6	50	SL1307	B	21	3	20160506	30	8	354
20832	Os2015EVO-7-8	135	5	C	4	2015	9	1	6	42	Koshihikari	B	13	3	20160506	31	8	352
20828	Os2015EVO-9-10-11	93	12	E	2	2015	9	1	6	6	SL1206	C	6	4	20160506	27	8	118
20833	Os2015EVO-7-8	136	5	D	1	2015	9	1	8	28	SL1228	C	28	5	20160506	32	8	485
20835	Os2015EVO-7-8	137	5	E	2	2015	9	1	8	51	SL1308	B	22	4	20160506	33	8	474
20836	Os2015EVO-7-8	138	5	F	2	2015	9	1	8	86	Koshihikari	A	28	4	20160516	30	8	411
20837	Os2015EVO-7-8	139	5	G	3	2015	9	1	8	55	SL1312	B	26	4	20160506	35	8	447
20838	Os2015EVO-7-8	140	5	H	3	2015	9	1	8	71	SL1328	A	13	4	20160506	36	8	614
20839	Os2015EVO-7-8	141	6	A	4	2015	9	1	8	44	SL1301	B	15	3	20160506	37	8	332
20844	Os2015EVO-7-8	142	6	B	2	2015	9	1	10	71	SL1328	A	13	4	20160506	39	8	237
20845	Os2015EVO-7-8	143	6	C	3	2015	9	1	10	53	SL1310	B	24	4	20160506	40	8	395
20846	Os2015EVO-7-8	144	6	D	3	2015	9	1	10	51	SL1308	B	22	4	20160506	41	8	384
20847	Os2015EVO-7-8	145	6	E	4	2015	9	1	10	71	SL1328	A	13	3	20160506	42	8	473
20848	Os2015EVO-7-8	146	6	F	4	2015	9	1	10	16	SL1216	C	16	3	20160506	43	8	251
20843	Os2015EVO-9-10-11	164	8	H	2	2015	9	1	10	55	SL1312	B	26	4	20160506	38	8	76
20851	Os2015EVO-7-8	147	6	G	2	2015	9	1	12	40	SL1240	B	11	4	20160506	44	8	337
20852	Os2015EVO-7-8	148	6	H	2	2015	9	1	12	14	SL1214	C	14	4	20160506	45	8	356
20853	Os2015EVO-7-8	149	7	A	3	2015	9	1	12	8	SL1208	C	8	4	20160506	46	8	529
20854	Os2015EVO-7-8	150	7	B	3	2015	9	1	12	33	SL1233	B	4	4	20160506	47	8	401
20855	Os2015EVO-7-8	151	7	C	4	2015	9	1	12	59	SL1316	A	1	3	20160506	48	8	239
20856	Os2015EVO-7-8	152	7	D	4	2015	9	1	12	53	SL1310	B	24	3	20160509	1	8	474
20860	Os2015EVO-7-8	153	7	E	2	2015	9	1	14	23	SL1223	C	23	4	20160509	2	8	444
20861	Os2015EVO-7-8	154	7	F	3	2015	9	1	14	46	SL1303	B	17	4	20160509	3	8	526
20862	Os2015EVO-7-8	155	7	G	3	2015	9	1	14	80	SL1337	A	22	4	20160509	4	8	440
20863	Os2015EVO-7-8	156	7	H	4	2015	9	1	14	18	SL1218	C	18	3	20160509	5	8	384
20869	Os2015EVO-9-10-11	94	12	F	3	2015	9	7	16	59	SL1316	A	1	4	20160509	8	8	157
20870	Os2015EVO-9-10-11	95	12	G	3	2015	9	7	16	57	SL1314	B	28	4	20160509	9	8	134
20871	Os2015EVO-9-10-11	165	9	A	4	2015	9	7	16	54	SL1311	B	25	3	20160509	10	8	8
20879	Os2015EVO-7-8	159	8	C	4	2015	9	7	18	9	SL1209	C	9	3	20160509	13	8	317
20877	Os2015EVO-9-10-11	96	12	H	3	2015	9	7	18	38	SL1238	B	9	4	20160509	11	8	160
20878	Os2015EVO-9-10-11	101	1	A	3	2015	9	7	18	34	SL1234	B	5	4	20160509	12	8	179
20880	Os2015EVO-9-10-11	102	1	B	4	2015	9	7	18	61	SL1318	A	3	3	20160509	14	8	141
20885	Os2015EVO-7-8	160	8	D	3	2015	9	7	20	62	SL1319	A	4	4	20160509	15	8	325
20887	Os2015EVO-7-8	161	8	E	4	2015	9	7	20	49	SL1308	B	20	3	20160509	17	9	388
20886	Os2015EVO-9-10-11	166	9	B	3	2015	9	7	20	36	SL1236	B	7	4	20160509	16	8	42
20888	Os2015EVO-9-10-11	167	9	C	4	2015	9	7	20	46	SL1303	B	17	3	20160509	18	9	87
20894	Os2015EVO-7-8	162	8	F	3	2015	9	7	22	47	SL1304	B	18	4	20160509	20	9	386
20895	Os2015EVO-7-8	163	8	G	4	2015	9	7	22	37	SL1237	B	8	3	20160509	21	9	341
20896	Os2015EVO-7-8	164	8	H	4	2015	9	7	22	13	SL1210	C	13	3	20160509	22	9	314
20893	Os2015EVO-9-10-11	168	9	D	3	2015	9	7	22	86	HP-b	A	28	4	20160509	19	9	93
20901	Os2015EVO-7-8	165	9	A	3	2015	9	8	0	11	SL1211	C	11	4	20160509	23	9	446
20902	Os2015EVO-7-8	166	9	B	3	2015	9	8	0	45	SL1302	B	16	4	20160509	24	9	795
20903	Os2015EVO-9-10-11	103	1	C	4	2015	9	8	0	22	SL1222	C	22	3	20160509	25	9	192
20904	Os2015EVO-9-10-11	104	1	D	4	2015	9	8	0	77	SL1334	A	19	3	20160509	26	9	133
20906	Os2015EVO-7-8	167	9	C	1	2015	9	8	2	14	SL1214	C	14	5	20160509	27	9	303
20910	Os2015EVO-7-8	168	9	D	3	2015	9	8	2	68	SL1325	A	10	4	20160509	28	9	352
20911	Os2015EVO-7-8	169	9	E	4	2015	9	8	2	58	SL1315	B	29	3	20160509	29	9	223
20912	Os2015EVO-7-8	170	9	F	4	2015	9	8	2	24	SL1224	C	24	3	20160509	30	9	562
20917	Os2015EVO-7-8	171	9	G	3	2015	9	8	4	39	SL1239	B	10	4	20160509	31	9	263
20920	Os2015EVO-7-8	172	9	H	4	2015	9	8	4	79	SL1336	A	21	3	20160509	34	9	291
20918	Os2015EVO-9-10-11	105	1	E	3	2015	9	8	4	60	SL1317	A	2	4	20160509	32	9	138
20919	Os2015EVO-9-10-11	106	1	F	4	2015	9	8	4	38	SL1238	B	9	3	20160509	33	9	174
20925	Os2015EVO-7-8	173	10	A	3	2015	9	8	6	52	Takanari	B	23	4	20160509	35	9	214
20927	Os2015EVO-7-8	174	10	B	4	2015	9	8	6	84	Takanari	A	26	3	20160509	37	9	309
20928	Os2015EVO-7-8	175	10	C	4	2015	9	8	6	82	SL1339	A	24	3	20160509	38	9	409
20926	Os2015EVO-9-10-11	107	1	G	3	2015	9	8	6	70	SL1327	A	12	4	20160509	36	9	129
20935	Os2015EVO-7-8	176	10	D	4	2015	9	8	8	6	SL1206	C	6	3	20160509	41	9	342
20936	Os2015EVO-7-8	177	10	E	4	2015	9	8	8	56	SL1313	B	27	3	20160509	42	9	288
20933	Os2015EVO-9-10-11	108	1	H	3	2015	9	8	8	1	SL1201	C	1	4	20160509	39	9	178
20934	Os2015EVO-9-10-11	109	2	A	3	2015	9	8	8	84	Takanari	A	26	4	20160509	40	9	187
20941	Os2015EVO-7-8	178	10	F	3	2015	9	8	10	5	SL1205	C	5	4	20160509	43	9	325
20942	Os2015EVO-7-8	179	10	G	3	2015	9	8	10	83	Koshihikari	A	25	4	20160509	44	9	442
20943	Os2015EVO-7-8	180	10	H	4	2015	9	8	10	43	Takanari	B	14	3	20160509	45	9	449
20944	Os2015EVO-7-8	181	11	A	4	2015	9	8	10	39	SL1239	B	10	3	20160509	46	9	332
20950	Os2015EVO-7-8	183	11	C	3	2015	9	8	12	10	SL1210	C	10	4	20160509	48	9	511
20951	Os2015EVO-7-8	184	11	D	4	2015	9	8	12	12	SL1212	C	12	3	20160510	1	9	256
20952	Os2015EVO-7-8	185	11	E	4	2015	9	8	12	26	SL1226	C	26	3	20160510	2	9	386
20957	Os2015EVO-7-8	186	11	F	3	2015	9	8	14	41	SL1241	B	12	4	20160510	3	9	253
20958	Os2015EVO-7-8	187	11	G	3	2015	9	8	14	64	SL1321	A	6	4	20160510	4	9	495
20959	Os2015EVO-7-8	188	11	H	4	2015	9	8	14	15	SL1215	C	15	3	20160510	5	9	437
20960	Os2015EVO-7-8	189	12	A	4	2015	9	8	14	80	SL1337	A	22	3	20160510	6	NA	461
20967	Os2015EVO-7-8	190	12	B	4	2015	9	14	16	14	SL1214	C	14	3	20160510	9	9	335
20963	Os2015EVO-9-10-11	110	2	B	3	2015	9	14	16	71	SL1210	A	13	5	20160510	7	9	192
20965	Os2015EVO-9-10-11	169	9	E	3	2015	9	14	16	77	SL1334	A	19	4	20160510	8	9	93
20968	Os2015EVO-9-10-11	170	9	F	4	2015	9	14	16	23	SL1223	C	23	3	20160510	10	9	51
20973	Os2015EVO-7-8	191	12	C	3	2015	9	14	18	58	SL1315	B	29	4	20160510	11	9	230
20974	Os2015EVO-9-10-11	111	2	C	3	2015	9	14	18	27	SL1227	C	27	4	20160510	12	9	155
20976	Os2015EVO-9-10-11	112	2	D	4	2015	9	14	18	11	SL1211	C	11	3	20160510	14	9	132
20975	Os2015EVO-9-10-11	171	9	G	4	2015	9	14	18	64	SL1321	A	6	3	20160510	13	9	14
20982	Os2015EVO-7-8	192	12	D	3	2015	9	14	20	29	SL1229	C	29	4	20160510	16	9	224
20998	Os2015EVO-9-10-11	113	2	E	4	2015	9	14	20	52	SL1309	B	23	4	20160510	18	9	142
20981	Os2015EVO-9-10-11	172	9	H	3	2015	9	14	20	50	SL1307	B	21	4	20160510	15	9	80
20999	Os2015EVO-9-10-11	174	10	B	2	2015	9	14	22	22	SL1308	C	22	5	20160510	19	9	26
21000	Os2015EVO-9-10-11	114	2	F	3	2015	9	14	22	65	SL1322	A	7	4	20160510	20	9	121
21006	Os2015EVO-9-10-11	115	2	G	4	2015	9	14	22	41	SL1241	B	12	4	20160510	22	9	169
20987	Os2015EVO-9-10-11	174	10	B	4	2015	9	14	22	22	SL1338	C	22	5	20160510	19	9	26
21005	Os2015EVO-7-8	193	12	E	3	2015	9	14	22	25	SL1225	C	25	4	20160510	21	9	256
20984	Os2015EVO-9-10-11	116	2	H	3	2015	9	15	0	32	SL1232	B	3	4	20160510	24	9	185
20989	Os2015EVO-9-10-11	118	3	B	4	2015	9	15	0	61	SL1318	A	3	4	20160510	26	9	128
20983	Os2015EVO-9-10-11	175	10	C	3	2015	9	15	0	44	SL1301	B	15	4	20160510	23	9	28
21013	Os2015EVO-9-10-11	175	10	C	3	2015	9	15	0	44	Unpredictable	B	15	4	20160510	23	9	28
20990	Os2015EVO-9-10-11	176	10	D	3	2015	9	15	2	35	SL1235	B	6	4	20160510	27	9	93
21008	Os2015EVO-7-8	194	12	F	4	2015	9	15	2	35	SL1235	B	6	4	20160510	30	9	440
20991	Os2015EVO-9-10-11	119	3	C	3	2015	9	15	2	20	SL1220	C	20	4	20160510	28	9	177
21007	Os2015EVO-9-10-11	120	3	D	4	2015	9	15	2	28	SL1228	C	28	4	20160510	29	9	186
21029	Os2015EVO-7-8	195	12	G	4	2015	9	15	4	86	HP-b	A	28	4	20160510	33	9	226
21030	Os2015EVO-9-10-11	122	3	F	4	2015	9	15	4	59	SL1316	A	1	4	20160510	34	9	189
20997	Os2015EVO-9-10-11	177	10	E	3	2015	9	15	4	40	Unpredictable	B	11	4	20160510	31	9	58
21023	Os2015EVO-7-8	196	12	H	4	2015	9	15	6	25	SL1305	C	25	4	20160510	37	9	311
21031	Os2015EVO-9-10-11	178	10	F	3	2015	9	15	6	69	SL1326	A	11	4	20160510	35	9	14
21037	Os2015EVO-9-10-11	180	10	H	4	2015	9	15	6	26	SL1226	C	26	4	20160510	38	9	20
21035	Os2015EVO-7-8	196	12	H	4	2015	9	15	6	25	SL1225	C	25	4	20160510	37	9	311
21022	Os2015EVO-9-10-11	179	10	G	3	2015	9	15	6	66	SL1233	A	8	4	20160510	36	9	34
21015	Os2015EVO-9-10-11	1	1	A	3	2015	9	15	8	21	Koshihikari	C	21	4	20160510	39	9	280
21016	Os2015EVO-9-10-11	123	3	G	3	2015	9	15	8	12	SL1212	C	12	4	20160510	40	9	177
21021	Os2015EVO-9-10-11	2	1	B	4	2015	9	15	8	54	SL1311	B	25	4	20160510	41	9	247
21038	Os2015EVO-9-10-11	4	1	D	3	2015	9	15	10	7	Unpredictable	C	7	4	20160510	45	9	588
21039	Os2015EVO-9-10-11	5	1	E	4	2015	9	15	10	78	SL1335	A	20	4	20160510	46	9	675
21024	Os2015EVO-9-10-11	3	1	C	3	2015	9	15	10	63	SL1321	A	5	4	20160510	44	9	441
21045	Os2015EVO-9-10-11	6	1	F	3	2015	9	15	12	49	SL1308	B	20	4	20160510	47	9	328
21047	Os2015EVO-9-10-11	7	1	G	4	2015	9	15	12	58	SL1315	B	29	4	20160510	49	9	283
21048	Os2015EVO-9-10-11	8	1	H	4	2015	9	15	12	85	HP-a	A	27	4	20160510	50	9	249
21046	Os2015EVO-9-10-11	125	4	A	3	2015	9	15	12	16	SL1216	C	16	4	20160510	48	9	106
21053	Os2015EVO-9-10-11	9	2	A	3	2015	9	15	14	79	SL1336	A	21	4	20160510	51	9	299
21054	Os2015EVO-9-10-11	10	2	B	3	2015	9	15	14	85	HP-a	A	27	4	20160510	52	9	728
21055	Os2015EVO-9-10-11	11	2	C	4	2015	9	15	14	11	SL1211	C	11	4	20160510	53	9	309
21056	Os2015EVO-9-10-11	126	4	B	4	2015	9	15	14	15	SL1215	C	15	4	20160510	54	9	163
21057	Os2015EVO-9-10-11	12	2	D	4	2015	9	21	16	5	SL1320	C	5	5	20160510	55	9	201
21062	Os2015EVO-9-10-11	127	4	C	3	2015	9	21	16	42	Koshihikari	B	13	4	20160510	56	9	115
21071	Os2015EVO-9-10-11	13	2	E	4	2015	9	21	18	76	SL1333	A	18	4	20160510	57	9	347
21072	Os2015EVO-9-10-11	181	11	A	4	2015	9	21	18	43	Takanari	B	14	4	20160510	58	9	91
21080	Os2015EVO-9-10-11	182	11	B	4	2015	9	21	20	9	SL1209	C	9	4	20160510	60	9	67
21087	Os2015EVO-9-10-11	14	2	F	4	2015	9	21	22	27	SL1227	C	27	4	20160510	61	9	254
21088	Os2015EVO-9-10-11	15	2	G	4	2015	9	21	22	53	SL1310	B	24	4	20160510	62	9	347
21096	Os2015EVO-9-10-11	16	2	H	4	2015	9	22	0	30	SL1230	B	1	4	20160510	64	9	318
21095	Os2015EVO-9-10-11	128	4	D	4	2015	9	22	0	6	SL1206	C	6	4	20160510	63	9	189
21103	Os2015EVO-9-10-11	129	4	E	4	2015	9	22	2	23	SL1223	C	23	4	20160512	1	9	163
21104	Os2015EVO-9-10-11	130	4	F	4	2015	9	22	2	3	SL1203	C	3	4	20160512	2	9	121
21112	Os2015EVO-9-10-11	17	3	A	4	2015	9	22	4	8	SL1208	C	8	4	20160512	4	9	207
21111	Os2015EVO-9-10-11	131	4	G	4	2015	9	22	4	74	SL1331	A	16	4	20160512	3	9	137
21119	Os2015EVO-9-10-11	18	3	B	4	2015	9	22	6	1	SL1201	C	1	4	20160512	5	10	208
21120	Os2015EVO-9-10-11	149	7	A	4	2015	9	22	6	38	SL1238	B	9	4	20160512	6	10	185
21127	Os2015EVO-9-10-11	19	3	C	4	2015	9	22	8	49	Unpredictable	B	20	4	20160512	7	10	463
21136	Os2015EVO-9-10-11	135	5	C	4	2015	9	22	10	36	Unpredictable	B	7	4	20160512	10	10	194
21143	Os2015EVO-9-10-11	136	5	D	4	2015	9	22	12	46	SL1303	B	17	4	20160512	12	10	110
21151	Os2015EVO-9-10-11	20	3	D	4	2015	9	22	14	70	SL1327	A	12	4	20160512	14	10	258
21152	Os2015EVO-9-10-11	21	3	E	4	2015	9	22	14	47	SL1304	B	18	4	20160512	15	10	243
21159	Os2015EVO-9-10-11	137	5	E	4	2015	9	28	16	20	SL1220	C	20	4	20160512	16	10	185
21167	Os2015EVO-9-10-11	22	3	F	4	2015	9	28	18	65	SL1322	A	7	4	20160512	18	10	211
21168	Os2015EVO-9-10-11	23	3	G	4	2015	9	28	18	22	SL1222	C	22	4	20160512	19	10	211
21175	Os2015EVO-9-10-11	24	3	H	4	2015	9	28	20	2	SL1202	C	2	4	20160512	20	10	590
21176	Os2015EVO-9-10-11	25	4	A	4	2015	9	28	20	56	SL1313	B	27	4	20160512	21	10	325
21184	Os2015EVO-9-10-11	138	5	F	4	2015	9	28	22	45	Unpredictable	B	16	4	20160512	23	10	126
21183	Os2015EVO-9-10-11	183	11	C	4	2015	9	28	22	10	Unpredictable	C	10	4	20160512	22	10	1
21192	Os2015EVO-9-10-11	139	5	G	4	2015	9	29	0	37	Unpredictable	B	8	4	20160512	25	10	185
21191	Os2015EVO-9-10-11	184	11	D	4	2015	9	29	0	14	SL1214	C	14	4	20160512	24	10	89
21207	Os2015EVO-9-10-11	140	5	H	4	2015	9	29	4	29	SL1229	C	29	4	20160512	29	10	142
21215	Os2015EVO-9-10-11	141	6	A	4	2015	9	29	6	84	Takanari	A	26	4	20160512	30	10	100
21216	Os2015EVO-9-10-11	142	6	B	4	2015	9	29	6	31	SL1231	B	2	4	20160512	31	10	112
21223	Os2015EVO-9-10-11	26	4	B	4	2015	9	29	8	66	SL1325	A	8	4	20160512	32	10	218
21224	Os2015EVO-9-10-11	143	6	C	4	2015	9	29	8	64	SL1321	A	6	4	20160516	1	10	123
21231	Os2015EVO-9-10-11	27	4	C	4	2015	9	29	10	79	SL1336	A	21	4	20160516	2	10	230
21232	Os2015EVO-9-10-11	144	6	D	4	2015	9	29	10	82	SL1339	A	24	4	20160516	3	10	125
21239	Os2015EVO-9-10-11	145	6	E	4	2015	9	29	12	77	SL1334	A	19	4	20160516	4	10	190
21240	Os2015EVO-9-10-11	146	6	F	4	2015	9	29	12	24	SL1224	C	24	4	20160516	5	10	178
21247	Os2015EVO-9-10-11	28	4	D	4	2015	9	29	14	33	SL1233	B	4	4	20160516	6	10	252
21248	Os2015EVO-9-10-11	29	4	E	4	2015	9	29	14	44	SL1230	B	15	4	20160516	7	10	508
